{"length":6774,"name":"merged_all","frames":[{"cf":[-895.722412109375,132.71339416503907,-912.6243896484375,-0.49995946884155276,0,-0.8660488128662109,0,1,0,0.8660488128662109,0,-0.49995946884155276],"jump":false,"vel":[0,0.00041615994996391237,0],"t":0,"platformStand":false,"state":"Running"},{"cf":[-895.722412109375,132.71339416503907,-912.6243896484375,-0.49995946884155276,0,-0.8660488128662109,0,1,0,0.8660488128662109,0,-0.49995946884155276],"jump":false,"vel":[0,0.00041615994996391237,0],"t":0.02083333395421505,"platformStand":false,"state":"Running"},{"cf":[-895.722412109375,132.71339416503907,-912.6243896484375,-0.49995946884155276,0,-0.8660488128662109,0,1,0,0.8660488128662109,0,-0.49995946884155276],"jump":false,"vel":[0,0.00041615994996391237,0],"t":0.03750000149011612,"platformStand":false,"state":"Running"},{"cf":[-895.722412109375,132.71339416503907,-912.6243896484375,-0.49995946884155276,0,-0.8660488128662109,0,1,0,0.8660488128662109,0,-0.49995946884155276],"jump":false,"vel":[0,0.00041615994996391237,0],"t":0.05416666902601719,"platformStand":false,"state":"Running"},{"cf":[-895.722412109375,132.71339416503907,-912.6243896484375,-0.49995946884155276,0,-0.8660488128662109,0,1,0,0.8660488128662109,0,-0.49995946884155276],"jump":false,"vel":[0,0.00041615994996391237,0],"t":0.07083333656191826,"platformStand":false,"state":"Running"},{"cf":[-895.722412109375,132.71339416503907,-912.6243896484375,-0.49995946884155276,0,-0.8660488128662109,0,1,0,0.8660488128662109,0,-0.49995946884155276],"jump":false,"vel":[0,0.00041615994996391237,0],"t":0.08750000409781933,"platformStand":false,"state":"Running"},{"cf":[-895.722412109375,132.71339416503907,-912.6243896484375,-0.49995946884155276,0,-0.8660488128662109,0,1,0,0.8660488128662109,0,-0.49995946884155276],"jump":false,"vel":[0,0.00041615994996391237,0],"t":0.1041666716337204,"platformStand":false,"state":"Running"},{"cf":[-895.722412109375,132.71339416503907,-912.6243896484375,-0.49995946884155276,0,-0.8660488128662109,0,1,0,0.8660488128662109,0,-0.49995946884155276],"jump":false,"vel":[0,0.00041615994996391237,0],"t":0.12083333916962147,"platformStand":false,"state":"Running"},{"cf":[-895.722412109375,132.71339416503907,-912.6243896484375,-0.49995946884155276,0,-0.8660488128662109,0,1,0,0.8660488128662109,0,-0.49995946884155276],"jump":false,"vel":[0,0.00041615994996391237,0],"t":0.13750000670552255,"platformStand":false,"state":"Running"},{"cf":[-895.722412109375,132.71339416503907,-912.6243896484375,-0.49995946884155276,0,-0.8660488128662109,0,1,0,0.8660488128662109,0,-0.49995946884155276],"jump":false,"vel":[0,0.00041615994996391237,0],"t":0.1541666742414236,"platformStand":false,"state":"Running"},{"cf":[-895.722412109375,132.71339416503907,-912.6243896484375,-0.49995946884155276,0,-0.8660488128662109,0,1,0,0.8660488128662109,0,-0.49995946884155276],"jump":false,"vel":[0,0.00041615994996391237,0],"t":0.17083334177732469,"platformStand":false,"state":"Running"},{"cf":[-895.722412109375,132.71339416503907,-912.6243896484375,-0.49995946884155276,0,-0.8660488128662109,0,1,0,0.8660488128662109,0,-0.49995946884155276],"jump":false,"vel":[0,0.00041615994996391237,0],"t":0.18750000931322576,"platformStand":false,"state":"Running"},{"cf":[-895.722412109375,132.71339416503907,-912.6243896484375,-0.49995946884155276,0,-0.8660488128662109,0,1,0,0.8660488128662109,0,-0.49995946884155276],"jump":false,"vel":[0,0.00041615994996391237,0],"t":0.20000001043081284,"platformStand":false,"state":"Running"},{"cf":[-895.722412109375,132.71339416503907,-912.6243896484375,-0.49995946884155276,0,-0.8660488128662109,0,1,0,0.8660488128662109,0,-0.49995946884155276],"jump":false,"vel":[0,0.00041615994996391237,0],"t":0.2166666779667139,"platformStand":false,"state":"Running"},{"cf":[-895.722412109375,132.71339416503907,-912.6243896484375,-0.49995946884155276,0,-0.8660488128662109,0,1,0,0.8660488128662109,0,-0.49995946884155276],"jump":false,"vel":[0,0.00041615994996391237,0],"t":0.23333334550261498,"platformStand":false,"state":"Running"},{"cf":[-895.722412109375,132.71339416503907,-912.6243896484375,-0.49995946884155276,0,-0.8660488128662109,0,1,0,0.8660488128662109,0,-0.49995946884155276],"jump":false,"vel":[0,0.00041615994996391237,0],"t":0.25000001303851607,"platformStand":false,"state":"Running"},{"cf":[-895.722412109375,132.71339416503907,-912.6243896484375,-0.49995946884155276,0,-0.8660488128662109,0,1,0,0.8660488128662109,0,-0.49995946884155276],"jump":false,"vel":[0,0.00041615994996391237,0],"t":0.2666666805744171,"platformStand":false,"state":"Running"},{"cf":[-895.722412109375,132.71339416503907,-912.6243896484375,-0.49995946884155276,0,-0.8660488128662109,0,1,0,0.8660488128662109,0,-0.49995946884155276],"jump":false,"vel":[0,0.00041615994996391237,0],"t":0.2833333481103182,"platformStand":false,"state":"Running"},{"cf":[-895.722412109375,132.71339416503907,-912.6243896484375,-0.49995946884155276,0,-0.8660488128662109,0,1,0,0.8660488128662109,0,-0.49995946884155276],"jump":false,"vel":[0,0.00041615994996391237,0],"t":0.30000001564621928,"platformStand":false,"state":"Running"},{"cf":[-895.722412109375,132.71339416503907,-912.6243896484375,-0.49995946884155276,0,-0.8660488128662109,0,1,0,0.8660488128662109,0,-0.49995946884155276],"jump":false,"vel":[0,0.00041615994996391237,0],"t":0.3166666831821203,"platformStand":false,"state":"Running"},{"cf":[-895.722412109375,132.71339416503907,-912.6243896484375,-0.49995946884155276,0,-0.8660488128662109,0,1,0,0.8660488128662109,0,-0.49995946884155276],"jump":false,"vel":[0,0.00041615994996391237,0],"t":0.3333333507180214,"platformStand":false,"state":"Running"},{"cf":[-895.722412109375,132.71339416503907,-912.6243896484375,-0.49995946884155276,0,-0.8660488128662109,0,1,0,0.8660488128662109,0,-0.49995946884155276],"jump":false,"vel":[0,0.00041615994996391237,0],"t":0.3458333518356085,"platformStand":false,"state":"Running"},{"cf":[-895.722412109375,132.71339416503907,-912.6243896484375,-0.49995946884155276,0,-0.8660488128662109,0,1,0,0.8660488128662109,0,-0.49995946884155276],"jump":false,"vel":[0,0.00041615994996391237,0],"t":0.36666668578982355,"platformStand":false,"state":"Running"},{"cf":[-895.722412109375,132.71339416503907,-912.6243896484375,-0.49995946884155276,0,-0.8660488128662109,0,1,0,0.8660488128662109,0,-0.49995946884155276],"jump":false,"vel":[0,0.00041615994996391237,0],"t":0.3833333533257246,"platformStand":false,"state":"Running"},{"cf":[-895.722412109375,132.71339416503907,-912.6243896484375,-0.49995946884155276,0,-0.8660488128662109,0,1,0,0.8660488128662109,0,-0.49995946884155276],"jump":false,"vel":[0,0.00041615994996391237,0],"t":0.40000002086162569,"platformStand":false,"state":"Running"},{"cf":[-895.722412109375,132.71339416503907,-912.6243896484375,-0.49995946884155276,0,-0.8660488128662109,0,1,0,0.8660488128662109,0,-0.49995946884155276],"jump":false,"vel":[0,0.00041615994996391237,0],"t":0.41666668839752676,"platformStand":false,"state":"Running"},{"cf":[-895.722412109375,132.71339416503907,-912.6243896484375,-0.49995946884155276,0,-0.8660488128662109,0,1,0,0.8660488128662109,0,-0.49995946884155276],"jump":false,"vel":[0,0.00041615994996391237,0],"t":0.4333333559334278,"platformStand":false,"state":"Running"},{"cf":[-895.722412109375,132.71339416503907,-912.6243896484375,-0.49995946884155276,0,-0.8660488128662109,0,1,0,0.8660488128662109,0,-0.49995946884155276],"jump":false,"vel":[0,0.00041615994996391237,0],"t":0.4500000234693289,"platformStand":false,"state":"Running"},{"cf":[-895.722412109375,132.71339416503907,-912.6243896484375,-0.49995946884155276,0,-0.8660488128662109,0,1,0,0.8660488128662109,0,-0.49995946884155276],"jump":false,"vel":[0,0.00041615994996391237,0],"t":0.46666669100522997,"platformStand":false,"state":"Running"},{"cf":[-895.722412109375,132.71339416503907,-912.6243896484375,-0.49995946884155276,0,-0.8660488128662109,0,1,0,0.8660488128662109,0,-0.49995946884155276],"jump":false,"vel":[0,0.00041615994996391237,0],"t":0.483333358541131,"platformStand":false,"state":"Running"},{"cf":[-895.722412109375,132.71339416503907,-912.6243896484375,-0.49995946884155276,0,-0.8660488128662109,0,1,0,0.8660488128662109,0,-0.49995946884155276],"jump":false,"vel":[0,0.00041615994996391237,0],"t":0.5000000260770321,"platformStand":false,"state":"Running"},{"cf":[-895.722412109375,132.71339416503907,-912.6243896484375,-0.49995946884155276,0,-0.8660488128662109,0,1,0,0.8660488128662109,0,-0.49995946884155276],"jump":false,"vel":[0,0.00041615994996391237,0],"t":0.5166666936129332,"platformStand":false,"state":"Running"},{"cf":[-895.722412109375,132.71339416503907,-912.6243896484375,-0.49995946884155276,0,-0.8660488128662109,0,1,0,0.8660488128662109,0,-0.49995946884155276],"jump":false,"vel":[0,0.00041615994996391237,0],"t":0.5333333611488342,"platformStand":false,"state":"Running"},{"cf":[-895.722412109375,132.71339416503907,-912.6243896484375,-0.49995946884155276,0,-0.8660488128662109,0,1,0,0.8660488128662109,0,-0.49995946884155276],"jump":false,"vel":[0,0.00041615994996391237,0],"t":0.5500000286847353,"platformStand":false,"state":"Running"},{"cf":[-895.722412109375,132.71339416503907,-912.6243896484375,-0.49995946884155276,0,-0.8660488128662109,0,1,0,0.8660488128662109,0,-0.49995946884155276],"jump":false,"vel":[0,0.00041615994996391237,0],"t":0.5666666962206364,"platformStand":false,"state":"Running"},{"cf":[-895.722412109375,132.71339416503907,-912.6243896484375,-0.49995946884155276,0,-0.8660488128662109,0,1,0,0.8660488128662109,0,-0.49995946884155276],"jump":false,"vel":[0,0.00041615994996391237,0],"t":0.5833333637565374,"platformStand":false,"state":"Running"},{"cf":[-895.722412109375,132.71339416503907,-912.6243896484375,-0.49995946884155276,0,-0.8660488128662109,0,1,0,0.8660488128662109,0,-0.49995946884155276],"jump":false,"vel":[0,0.00041615994996391237,0],"t":0.6000000312924385,"platformStand":false,"state":"Running"},{"cf":[-895.722412109375,132.71339416503907,-912.6243896484375,-0.49995946884155276,0,-0.8660488128662109,0,1,0,0.8660488128662109,0,-0.49995946884155276],"jump":false,"vel":[0,0.00041615994996391237,0],"t":0.6166666988283396,"platformStand":false,"state":"Running"},{"cf":[-895.722412109375,132.71339416503907,-912.6243896484375,-0.49995946884155276,0,-0.8660488128662109,0,1,0,0.8660488128662109,0,-0.49995946884155276],"jump":false,"vel":[0,0.00041615994996391237,0],"t":0.6333333663642407,"platformStand":false,"state":"Running"},{"cf":[-895.722412109375,132.71339416503907,-912.6243896484375,-0.49995946884155276,0,-0.8660488128662109,0,1,0,0.8660488128662109,0,-0.49995946884155276],"jump":false,"vel":[0,0.00041615994996391237,0],"t":0.6500000339001417,"platformStand":false,"state":"Running"},{"cf":[-895.722412109375,132.71339416503907,-912.6243896484375,-0.49995946884155276,0,-0.8660488128662109,0,1,0,0.8660488128662109,0,-0.49995946884155276],"jump":false,"vel":[0,0.00041615994996391237,0],"t":0.6666667014360428,"platformStand":false,"state":"Running"},{"cf":[-895.722412109375,132.71339416503907,-912.6243896484375,-0.49995946884155276,0,-0.8660488128662109,0,1,0,0.8660488128662109,0,-0.49995946884155276],"jump":false,"vel":[0,0.00041615994996391237,0],"t":0.6833333689719439,"platformStand":false,"state":"Running"},{"cf":[-895.722412109375,132.71339416503907,-912.6243896484375,-0.49995946884155276,0,-0.8660488128662109,0,1,0,0.8660488128662109,0,-0.49995946884155276],"jump":false,"vel":[0,0.00041615994996391237,0],"t":0.7000000365078449,"platformStand":false,"state":"Running"},{"cf":[-895.722412109375,132.71339416503907,-912.6243896484375,-0.49995946884155276,0,-0.8660488128662109,0,1,0,0.8660488128662109,0,-0.49995946884155276],"jump":false,"vel":[0,0.00041615994996391237,0],"t":0.716666704043746,"platformStand":false,"state":"Running"},{"cf":[-895.722412109375,132.71339416503907,-912.6243896484375,-0.49995946884155276,0,-0.8660488128662109,0,1,0,0.8660488128662109,0,-0.49995946884155276],"jump":false,"vel":[0,0.00041615994996391237,0],"t":0.7291667051613331,"platformStand":false,"state":"Running"},{"cf":[-895.722412109375,132.71339416503907,-912.6243896484375,-0.49995946884155276,0,-0.8660488128662109,0,1,0,0.8660488128662109,0,-0.49995946884155276],"jump":false,"vel":[0,0.00041615994996391237,0],"t":0.7500000391155481,"platformStand":false,"state":"Running"},{"cf":[-895.722412109375,132.71339416503907,-912.6243896484375,-0.49995946884155276,0,-0.8660488128662109,0,1,0,0.8660488128662109,0,-0.49995946884155276],"jump":false,"vel":[0,0.00041615994996391237,0],"t":0.7666667066514492,"platformStand":false,"state":"Running"},{"cf":[-895.722412109375,132.71339416503907,-912.6243896484375,-0.49995946884155276,0,-0.8660488128662109,0,1,0,0.8660488128662109,0,-0.49995946884155276],"jump":false,"vel":[0,0.00041615994996391237,0],"t":0.7875000406056643,"platformStand":false,"state":"Running"},{"cf":[-895.722412109375,132.71339416503907,-912.6243896484375,-0.49995946884155276,0,-0.8660488128662109,0,1,0,0.8660488128662109,0,-0.49995946884155276],"jump":false,"vel":[0,0.00041615994996391237,0],"t":0.8083333745598793,"platformStand":false,"state":"Running"},{"cf":[-895.722412109375,132.71339416503907,-912.6243896484375,-0.49995946884155276,0,-0.8660488128662109,0,1,0,0.8660488128662109,0,-0.49995946884155276],"jump":false,"vel":[0,0.00041615994996391237,0],"t":0.8250000420957804,"platformStand":false,"state":"Running"},{"cf":[-895.722412109375,132.71339416503907,-912.6243896484375,-0.49995946884155276,0,-0.8660488128662109,0,1,0,0.8660488128662109,0,-0.49995946884155276],"jump":false,"vel":[0,0.00041615994996391237,0],"t":0.8416667096316814,"platformStand":false,"state":"Running"},{"cf":[-895.722412109375,132.71339416503907,-912.6243896484375,-0.49995946884155276,0,-0.8660488128662109,0,1,0,0.8660488128662109,0,-0.49995946884155276],"jump":false,"vel":[0,0.00041615994996391237,0],"t":0.8541667107492685,"platformStand":false,"state":"Running"},{"cf":[-895.722412109375,132.71339416503907,-912.6243896484375,-0.49995946884155276,0,-0.8660488128662109,0,1,0,0.8660488128662109,0,-0.49995946884155276],"jump":false,"vel":[0,0.00041615994996391237,0],"t":0.8708333782851696,"platformStand":false,"state":"Running"},{"cf":[-895.722412109375,132.71339416503907,-912.6243896484375,-0.49995946884155276,0,-0.8660488128662109,0,1,0,0.8660488128662109,0,-0.49995946884155276],"jump":false,"vel":[0,0.00041615994996391237,0],"t":0.8875000458210707,"platformStand":false,"state":"Running"},{"cf":[-895.722412109375,132.71339416503907,-912.6243896484375,-0.49995946884155276,0,-0.8660488128662109,0,1,0,0.8660488128662109,0,-0.49995946884155276],"jump":false,"vel":[0,0.00041615994996391237,0],"t":0.9041667133569717,"platformStand":false,"state":"Running"},{"cf":[-895.722412109375,132.71339416503907,-912.6243896484375,-0.49995946884155276,0,-0.8660488128662109,0,1,0,0.8660488128662109,0,-0.49995946884155276],"jump":false,"vel":[0,0.00041615994996391237,0],"t":0.9208333808928728,"platformStand":false,"state":"Running"},{"cf":[-895.722412109375,132.71339416503907,-912.6243896484375,-0.49995946884155276,0,-0.8660488128662109,0,1,0,0.8660488128662109,0,-0.49995946884155276],"jump":false,"vel":[0,0.00041615994996391237,0],"t":0.9375000484287739,"platformStand":false,"state":"Running"},{"cf":[-895.722412109375,132.71339416503907,-912.6243896484375,-0.49995946884155276,0,-0.8660488128662109,0,1,0,0.8660488128662109,0,-0.49995946884155276],"jump":false,"vel":[0,0.00041615994996391237,0],"t":0.950000049546361,"platformStand":false,"state":"Running"},{"cf":[-895.722412109375,132.71339416503907,-912.6243896484375,-0.49995946884155276,0,-0.8660488128662109,0,1,0,0.8660488128662109,0,-0.49995946884155276],"jump":false,"vel":[0,0.00041615994996391237,0],"t":0.966666717082262,"platformStand":false,"state":"Running"},{"cf":[-895.722412109375,132.71339416503907,-912.6243896484375,-0.49995946884155276,0,-0.8660488128662109,0,1,0,0.8660488128662109,0,-0.49995946884155276],"jump":false,"vel":[0,0.00041615994996391237,0],"t":0.9875000510364771,"platformStand":false,"state":"Running"},{"cf":[-895.722412109375,132.71339416503907,-912.6243896484375,-0.49995946884155276,0,-0.8660488128662109,0,1,0,0.8660488128662109,0,-0.49995946884155276],"jump":false,"vel":[0,0.00041615994996391237,0],"t":1.0125000532716513,"platformStand":false,"state":"Running"},{"cf":[-895.722412109375,132.71339416503907,-912.6243896484375,-0.49995946884155276,0,-0.8660488128662109,0,1,0,0.8660488128662109,0,-0.49995946884155276],"jump":false,"vel":[0,0.00041615994996391237,0],"t":1.0333333872258664,"platformStand":false,"state":"Running"},{"cf":[-895.722412109375,132.71339416503907,-912.6243896484375,-0.49995946884155276,0,-0.8660488128662109,0,1,0,0.8660488128662109,0,-0.49995946884155276],"jump":false,"vel":[0,0.00041615994996391237,0],"t":1.0625000558793545,"platformStand":false,"state":"Running"},{"cf":[-895.722412109375,132.71339416503907,-912.6243896484375,-0.49995946884155276,0,-0.8660488128662109,0,1,0,0.8660488128662109,0,-0.49995946884155276],"jump":false,"vel":[0,0.00041615994996391237,0],"t":1.1000000573694707,"platformStand":false,"state":"Running"},{"cf":[-895.722412109375,132.71339416503907,-912.6243896484375,-0.49995946884155276,0,-0.8660488128662109,0,1,0,0.8660488128662109,0,-0.49995946884155276],"jump":false,"vel":[0,0.00041615994996391237,0],"t":1.1250000596046448,"platformStand":false,"state":"Running"},{"cf":[-895.722412109375,132.71339416503907,-912.6243896484375,-0.49995946884155276,0,-0.8660488128662109,0,1,0,0.8660488128662109,0,-0.49995946884155276],"jump":false,"vel":[0,0.00041615994996391237,0],"t":1.150000061839819,"platformStand":false,"state":"Running"},{"cf":[-895.722412109375,132.71339416503907,-912.6243896484375,-0.49995946884155276,0,-0.8660488128662109,0,1,0,0.8660488128662109,0,-0.49995946884155276],"jump":false,"vel":[0,0.00041615994996391237,0],"t":1.16666672937572,"platformStand":false,"state":"Running"},{"cf":[-895.722412109375,132.71339416503907,-912.6243896484375,-0.49995946884155276,0,-0.8660488128662109,0,1,0,0.8660488128662109,0,-0.49995946884155276],"jump":false,"vel":[0,0.00041615994996391237,0],"t":1.187500063329935,"platformStand":false,"state":"Running"},{"cf":[-895.722412109375,132.71339416503907,-912.6243896484375,-0.49995946884155276,0,-0.8660488128662109,0,1,0,0.8660488128662109,0,-0.49995946884155276],"jump":false,"vel":[0,0.00041615994996391237,0],"t":1.2041667308658362,"platformStand":false,"state":"Running"},{"cf":[-895.722412109375,132.71339416503907,-912.6243896484375,-0.49995946884155276,0,-0.8660488128662109,0,1,0,0.8660488128662109,0,-0.49995946884155276],"jump":false,"vel":[0,0.00041615994996391237,0],"t":1.2208333984017373,"platformStand":false,"state":"Running"},{"cf":[-895.722412109375,132.71339416503907,-912.6243896484375,-0.49995946884155276,0,-0.8660488128662109,0,1,0,0.8660488128662109,0,-0.49995946884155276],"jump":false,"vel":[0,0.00041615994996391237,0],"t":1.2375000659376383,"platformStand":false,"state":"Running"},{"cf":[-895.722412109375,132.71339416503907,-912.6243896484375,-0.49995946884155276,0,-0.8660488128662109,0,1,0,0.8660488128662109,0,-0.49995946884155276],"jump":false,"vel":[0,0.00041615994996391237,0],"t":1.2583333998918534,"platformStand":false,"state":"Running"},{"cf":[-895.722412109375,132.71339416503907,-912.6243896484375,-0.49995946884155276,0,-0.8660488128662109,0,1,0,0.8660488128662109,0,-0.49995946884155276],"jump":false,"vel":[0,0.00041615994996391237,0],"t":1.2750000674277545,"platformStand":false,"state":"Running"},{"cf":[-895.722412109375,132.71339416503907,-912.6243896484375,-0.49995946884155276,0,-0.8660488128662109,0,1,0,0.8660488128662109,0,-0.49995946884155276],"jump":false,"vel":[0,0.00041615994996391237,0],"t":1.2958334013819695,"platformStand":false,"state":"Running"},{"cf":[-895.722412109375,132.71339416503907,-912.6243896484375,-0.49995946884155276,0,-0.8660488128662109,0,1,0,0.8660488128662109,0,-0.49995946884155276],"jump":false,"vel":[0,0.00041615994996391237,0],"t":1.3125000689178706,"platformStand":false,"state":"Running"},{"cf":[-895.722412109375,132.71339416503907,-912.6243896484375,-0.49995946884155276,0,-0.8660488128662109,0,1,0,0.8660488128662109,0,-0.49995946884155276],"jump":false,"vel":[0,0.00041615994996391237,0],"t":1.3291667364537717,"platformStand":false,"state":"Running"},{"cf":[-895.722412109375,132.71339416503907,-912.6243896484375,-0.49995946884155276,0,-0.8660488128662109,0,1,0,0.8660488128662109,0,-0.49995946884155276],"jump":false,"vel":[0,0.00041615994996391237,0],"t":1.3458334039896727,"platformStand":false,"state":"Running"},{"cf":[-895.722412109375,132.71339416503907,-912.6243896484375,-0.49995946884155276,0,-0.8660488128662109,0,1,0,0.8660488128662109,0,-0.49995946884155276],"jump":false,"vel":[0,0.00041615994996391237,0],"t":1.3666667379438878,"platformStand":false,"state":"Running"},{"cf":[-895.722412109375,132.71339416503907,-912.6243896484375,-0.49995946884155276,0,-0.8660488128662109,0,1,0,0.8660488128662109,0,-0.49995946884155276],"jump":false,"vel":[0,0.00041615994996391237,0],"t":1.3833334054797888,"platformStand":false,"state":"Running"},{"cf":[-895.722412109375,132.71339416503907,-912.6243896484375,-0.49995946884155276,0,-0.8660488128662109,0,1,0,0.8660488128662109,0,-0.49995946884155276],"jump":false,"vel":[0,0.00041615994996391237,0],"t":1.4000000730156899,"platformStand":false,"state":"Running"},{"cf":[-895.722412109375,132.71339416503907,-912.6243896484375,-0.49995946884155276,0,-0.8660488128662109,0,1,0,0.8660488128662109,0,-0.49995946884155276],"jump":false,"vel":[0,0.00041615994996391237,0],"t":1.416666740551591,"platformStand":false,"state":"Running"},{"cf":[-895.722412109375,132.71339416503907,-912.6243896484375,-0.49995946884155276,0,-0.8660488128662109,0,1,0,0.8660488128662109,0,-0.49995946884155276],"jump":false,"vel":[0,0.00041615994996391237,0],"t":1.433333408087492,"platformStand":false,"state":"Running"},{"cf":[-895.722412109375,132.71339416503907,-912.6243896484375,-0.49995946884155276,0,-0.8660488128662109,0,1,0,0.8660488128662109,0,-0.49995946884155276],"jump":false,"vel":[0,0.00041615994996391237,0],"t":1.454166742041707,"platformStand":false,"state":"Running"},{"cf":[-895.722412109375,132.71339416503907,-912.6243896484375,-0.49995946884155276,0,-0.8660488128662109,0,1,0,0.8660488128662109,0,-0.49995946884155276],"jump":false,"vel":[0,0.00041615994996391237,0],"t":1.470833409577608,"platformStand":false,"state":"Running"},{"cf":[-895.722412109375,132.71339416503907,-912.6243896484375,-0.49995946884155276,0,-0.8660488128662109,0,1,0,0.8660488128662109,0,-0.49995946884155276],"jump":false,"vel":[0,0.00041615994996391237,0],"t":1.5083334110677243,"platformStand":false,"state":"Running"},{"cf":[-895.722412109375,132.71339416503907,-912.6243896484375,-0.49995946884155276,0,-0.8660488128662109,0,1,0,0.8660488128662109,0,-0.49995946884155276],"jump":false,"vel":[0,0.00041615994996391237,0],"t":1.5333334133028985,"platformStand":false,"state":"Running"},{"cf":[-895.722412109375,132.71339416503907,-912.6243896484375,-0.49995946884155276,0,-0.8660488128662109,0,1,0,0.8660488128662109,0,-0.49995946884155276],"jump":false,"vel":[0,0.00041615994996391237,0],"t":1.5541667472571135,"platformStand":false,"state":"Running"},{"cf":[-895.722412109375,132.71339416503907,-912.6243896484375,-0.49995946884155276,0,-0.8660488128662109,0,1,0,0.8660488128662109,0,-0.49995946884155276],"jump":false,"vel":[0,0.00041615994996391237,0],"t":1.5750000812113286,"platformStand":false,"state":"Running"},{"cf":[-895.722412109375,132.71339416503907,-912.6243896484375,-0.49995946884155276,0,-0.8660488128662109,0,1,0,0.8660488128662109,0,-0.49995946884155276],"jump":false,"vel":[0,0.00041615994996391237,0],"t":1.5916667487472296,"platformStand":false,"state":"Running"},{"cf":[-895.722412109375,132.71339416503907,-912.6243896484375,-0.49995946884155276,0,-0.8660488128662109,0,1,0,0.8660488128662109,0,-0.49995946884155276],"jump":false,"vel":[0,0.00041615994996391237,0],"t":1.6125000827014447,"platformStand":false,"state":"Running"},{"cf":[-895.722412109375,132.71339416503907,-912.6243896484375,-0.49995946884155276,0,-0.8660488128662109,0,1,0,0.8660488128662109,0,-0.49995946884155276],"jump":false,"vel":[0,0.00041615994996391237,0],"t":1.6291667502373458,"platformStand":false,"state":"Running"},{"cf":[-895.722412109375,132.71339416503907,-912.6243896484375,-0.49995946884155276,0,-0.8660488128662109,0,1,0,0.8660488128662109,0,-0.49995946884155276],"jump":false,"vel":[0,0.00041615994996391237,0],"t":1.6500000841915608,"platformStand":false,"state":"Running"},{"cf":[-895.722412109375,132.71339416503907,-912.6243896484375,-0.49995946884155276,0,-0.8660488128662109,0,1,0,0.8660488128662109,0,-0.49995946884155276],"jump":false,"vel":[0,0.00041615994996391237,0],"t":1.6666667517274619,"platformStand":false,"state":"Running"},{"cf":[-895.722412109375,132.71339416503907,-912.6243896484375,-0.49995946884155276,0,-0.8660488128662109,0,1,0,0.8660488128662109,0,-0.49995946884155276],"jump":false,"vel":[0,0.00041615994996391237,0],"t":1.6833334192633629,"platformStand":false,"state":"Running"},{"cf":[-895.722412109375,132.71339416503907,-912.6243896484375,-0.49995946884155276,0,-0.8660488128662109,0,1,0,0.8660488128662109,0,-0.49995946884155276],"jump":false,"vel":[0,0.00041615994996391237,0],"t":1.704166753217578,"platformStand":false,"state":"Running"},{"cf":[-895.722412109375,132.71339416503907,-912.6243896484375,-0.49995946884155276,0,-0.8660488128662109,0,1,0,0.8660488128662109,0,-0.49995946884155276],"jump":false,"vel":[0,0.00041615994996391237,0],"t":1.7291667554527522,"platformStand":false,"state":"Running"},{"cf":[-895.722412109375,132.71339416503907,-912.6243896484375,-0.49995946884155276,0,-0.8660488128662109,0,1,0,0.8660488128662109,0,-0.49995946884155276],"jump":false,"vel":[0,0.00041615994996391237,0],"t":1.7541667576879264,"platformStand":false,"state":"Running"},{"cf":[-895.722412109375,132.71339416503907,-912.6243896484375,-0.49995946884155276,0,-0.8660488128662109,0,1,0,0.8660488128662109,0,-0.49995946884155276],"jump":false,"vel":[0,0.00041615994996391237,0],"t":1.8208334278315306,"platformStand":false,"state":"Running"},{"cf":[-895.722412109375,132.71339416503907,-912.6243896484375,-0.49995946884155276,0,-0.8660488128662109,0,1,0,0.8660488128662109,0,-0.49995946884155276],"jump":false,"vel":[0,0.00041615994996391237,0],"t":1.8875000979751349,"platformStand":false,"state":"Running"},{"cf":[-895.722412109375,132.71339416503907,-912.6243896484375,-0.49995946884155276,0,-0.8660488128662109,0,1,0,0.8660488128662109,0,-0.49995946884155276],"jump":false,"vel":[0,0.00041615994996391237,0],"t":1.920833433046937,"platformStand":false,"state":"Running"},{"cf":[-895.722412109375,132.71339416503907,-912.6243896484375,-0.49995946884155276,0,-0.8660488128662109,0,1,0,0.8660488128662109,0,-0.49995946884155276],"jump":false,"vel":[0,0.00041615994996391237,0],"t":1.9458334352821112,"platformStand":false,"state":"Running"},{"cf":[-895.722412109375,132.71339416503907,-912.6243896484375,-0.49995946884155276,0,-0.8660488128662109,0,1,0,0.8660488128662109,0,-0.49995946884155276],"jump":false,"vel":[0,0.00041615994996391237,0],"t":1.9666667692363263,"platformStand":false,"state":"Running"},{"cf":[-895.722412109375,132.71339416503907,-912.6243896484375,-0.49995946884155276,0,-0.8660488128662109,0,1,0,0.8660488128662109,0,-0.49995946884155276],"jump":false,"vel":[0,0.00041615994996391237,0],"t":1.9875001031905413,"platformStand":false,"state":"Running"},{"cf":[-895.722412109375,132.71339416503907,-912.6243896484375,-0.49995946884155276,0,-0.8660488128662109,0,1,0,0.8660488128662109,0,-0.49995946884155276],"jump":false,"vel":[0,0.00041615994996391237,0],"t":2.0083334371447565,"platformStand":false,"state":"Running"},{"cf":[-895.722412109375,132.71339416503907,-912.6243896484375,-0.49995946884155276,0,-0.8660488128662109,0,1,0,0.8660488128662109,0,-0.49995946884155276],"jump":false,"vel":[0,0.00041615994996391237,0],"t":2.0250001046806576,"platformStand":false,"state":"Running"},{"cf":[-895.722412109375,132.71339416503907,-912.6243896484375,-0.49995946884155276,0,-0.8660488128662109,0,1,0,0.8660488128662109,0,-0.49995946884155276],"jump":false,"vel":[0,0.00041615994996391237,0],"t":2.0458334386348726,"platformStand":false,"state":"Running"},{"cf":[-895.722412109375,132.71339416503907,-912.6243896484375,-0.49995946884155276,0,-0.8660488128662109,0,1,0,0.8660488128662109,0,-0.49995946884155276],"jump":false,"vel":[0,0.00041615994996391237,0],"t":2.0625001061707737,"platformStand":false,"state":"Running"},{"cf":[-895.722412109375,132.71339416503907,-912.6243896484375,-0.49995946884155276,0,-0.8660488128662109,0,1,0,0.8660488128662109,0,-0.49995946884155276],"jump":false,"vel":[0,0.00041615994996391237,0],"t":2.0791667737066747,"platformStand":false,"state":"Running"},{"cf":[-895.722412109375,132.71339416503907,-912.6243896484375,-0.49995946884155276,0,-0.8660488128662109,0,1,0,0.8660488128662109,0,-0.49995946884155276],"jump":false,"vel":[0,0.00041615994996391237,0],"t":2.1000001076608898,"platformStand":false,"state":"Running"},{"cf":[-895.722412109375,132.71339416503907,-912.6243896484375,-0.49995946884155276,0,-0.8660488128662109,0,1,0,0.8660488128662109,0,-0.49995946884155276],"jump":false,"vel":[0,0.00041615994996391237,0],"t":2.1166667751967909,"platformStand":false,"state":"Running"},{"cf":[-895.722412109375,132.71339416503907,-912.6243896484375,-0.49995946884155276,0,-0.8660488128662109,0,1,0,0.8660488128662109,0,-0.49995946884155276],"jump":false,"vel":[0,0.00041615994996391237,0],"t":2.1333334427326919,"platformStand":false,"state":"Running"},{"cf":[-895.722412109375,132.71339416503907,-912.6243896484375,-0.49995946884155276,0,-0.8660488128662109,0,1,0,0.8660488128662109,0,-0.49995946884155276],"jump":false,"vel":[0,0.00041615994996391237,0],"t":2.150000110268593,"platformStand":false,"state":"Running"},{"cf":[-895.722412109375,132.71339416503907,-912.6243896484375,-0.49995946884155276,0,-0.8660488128662109,0,1,0,0.8660488128662109,0,-0.49995946884155276],"jump":false,"vel":[0,0.00041615994996391237,0],"t":2.166666777804494,"platformStand":false,"state":"Running"},{"cf":[-895.722412109375,132.71339416503907,-912.6243896484375,-0.49995946884155276,0,-0.8660488128662109,0,1,0,0.8660488128662109,0,-0.49995946884155276],"jump":false,"vel":[0,0.00041615994996391237,0],"t":2.187500111758709,"platformStand":false,"state":"Running"},{"cf":[-895.722412109375,132.71339416503907,-912.6243896484375,-0.49995946884155276,0,-0.8660488128662109,0,1,0,0.8660488128662109,0,-0.49995946884155276],"jump":false,"vel":[0,0.00041615994996391237,0],"t":2.212500113993883,"platformStand":false,"state":"Running"},{"cf":[-895.722412109375,132.71339416503907,-912.6243896484375,-0.49995946884155276,0,-0.8660488128662109,0,1,0,0.8660488128662109,0,-0.49995946884155276],"jump":false,"vel":[0,0.00041615994996391237,0],"t":2.233333447948098,"platformStand":false,"state":"Running"},{"cf":[-895.722412109375,132.71339416503907,-912.6243896484375,-0.49995946884155276,0,-0.8660488128662109,0,1,0,0.8660488128662109,0,-0.49995946884155276],"jump":false,"vel":[0,0.00041615994996391237,0],"t":2.2541667819023134,"platformStand":false,"state":"Running"},{"cf":[-895.722412109375,132.71339416503907,-912.6243896484375,-0.49995946884155276,0,-0.8660488128662109,0,1,0,0.8660488128662109,0,-0.49995946884155276],"jump":false,"vel":[0,0.00041615994996391237,0],"t":2.2708334494382145,"platformStand":false,"state":"Running"},{"cf":[-895.722412109375,132.71339416503907,-912.6243896484375,-0.49995946884155276,0,-0.8660488128662109,0,1,0,0.8660488128662109,0,-0.49995946884155276],"jump":false,"vel":[0,0.00041615994996391237,0],"t":2.2916667833924295,"platformStand":false,"state":"Running"},{"cf":[-895.722412109375,132.71339416503907,-912.6243896484375,-0.49995946884155276,0,-0.8660488128662109,0,1,0,0.8660488128662109,0,-0.49995946884155276],"jump":false,"vel":[0,0.00041615994996391237,0],"t":2.3125001173466446,"platformStand":false,"state":"Running"},{"cf":[-895.722412109375,132.71339416503907,-912.6243896484375,-0.49995946884155276,0,-0.8660488128662109,0,1,0,0.8660488128662109,0,-0.49995946884155276],"jump":false,"vel":[0,0.00041615994996391237,0],"t":2.3333334513008596,"platformStand":false,"state":"Running"},{"cf":[-895.722412109375,132.71339416503907,-912.6243896484375,-0.49995946884155276,0,-0.8660488128662109,0,1,0,0.8660488128662109,0,-0.49995946884155276],"jump":false,"vel":[0,0.00041615994996391237,0],"t":2.3625001199543478,"platformStand":false,"state":"Running"},{"cf":[-895.722412109375,132.71339416503907,-912.6243896484375,-0.49995946884155276,0,-0.8660488128662109,0,1,0,0.8660488128662109,0,-0.49995946884155276],"jump":false,"vel":[0,0.00041615994996391237,0],"t":2.3916667886078359,"platformStand":false,"state":"Running"},{"cf":[-895.722412109375,132.71339416503907,-912.6243896484375,-0.49995946884155276,0,-0.8660488128662109,0,1,0,0.8660488128662109,0,-0.49995946884155276],"jump":false,"vel":[0,0.00041615994996391237,0],"t":2.412500122562051,"platformStand":false,"state":"Running"},{"cf":[-895.722412109375,132.71339416503907,-912.6243896484375,-0.49995946884155276,0,-0.8660488128662109,0,1,0,0.8660488128662109,0,-0.49995946884155276],"jump":false,"vel":[0,0.00041615994996391237,0],"t":2.433333456516266,"platformStand":false,"state":"Running"},{"cf":[-895.722412109375,132.71339416503907,-912.6243896484375,-0.49995946884155276,0,-0.8660488128662109,0,1,0,0.8660488128662109,0,-0.49995946884155276],"jump":false,"vel":[0,0.00041615994996391237,0],"t":2.454166790470481,"platformStand":false,"state":"Running"},{"cf":[-895.722412109375,132.71339416503907,-912.6243896484375,-0.49995946884155276,0,-0.8660488128662109,0,1,0,0.8660488128662109,0,-0.49995946884155276],"jump":false,"vel":[0,0.00041615994996391237,0],"t":2.470833458006382,"platformStand":false,"state":"Running"},{"cf":[-895.722412109375,132.71339416503907,-912.6243896484375,-0.49995946884155276,0,-0.8660488128662109,0,1,0,0.8660488128662109,0,-0.49995946884155276],"jump":false,"vel":[0,0.00041615994996391237,0],"t":2.491666791960597,"platformStand":false,"state":"Running"},{"cf":[-895.722412109375,132.71339416503907,-912.6243896484375,-0.49995946884155276,0,-0.8660488128662109,0,1,0,0.8660488128662109,0,-0.49995946884155276],"jump":false,"vel":[0,0.00041615994996391237,0],"t":2.508333459496498,"platformStand":false,"state":"Running"},{"cf":[-895.722412109375,132.71339416503907,-912.6243896484375,-0.49995946884155276,0,-0.8660488128662109,0,1,0,0.8660488128662109,0,-0.49995946884155276],"jump":false,"vel":[0,0.00041615994996391237,0],"t":2.529166793450713,"platformStand":false,"state":"Running"},{"cf":[-895.722412109375,132.71339416503907,-912.6243896484375,-0.49995946884155276,0,-0.8660488128662109,0,1,0,0.8660488128662109,0,-0.49995946884155276],"jump":false,"vel":[0,0.00041615994996391237,0],"t":2.5458334609866144,"platformStand":false,"state":"Running"},{"cf":[-895.722412109375,132.71339416503907,-912.6243896484375,-0.49995946884155276,0,-0.8660488128662109,0,1,0,0.8660488128662109,0,-0.49995946884155276],"jump":false,"vel":[0,0.00041615994996391237,0],"t":2.5625001285225155,"platformStand":false,"state":"Running"},{"cf":[-895.722412109375,132.71339416503907,-912.6243896484375,-0.49995946884155276,0,-0.8660488128662109,0,1,0,0.8660488128662109,0,-0.49995946884155276],"jump":false,"vel":[0,0.00041615994996391237,0],"t":2.5791667960584165,"platformStand":false,"state":"Running"},{"cf":[-895.722412109375,132.71339416503907,-912.6243896484375,-0.49995946884155276,0,-0.8660488128662109,0,1,0,0.8660488128662109,0,-0.49995946884155276],"jump":false,"vel":[0,0.00041615994996391237,0],"t":2.6000001300126316,"platformStand":false,"state":"Running"},{"cf":[-895.722412109375,132.71339416503907,-912.6243896484375,-0.49995946884155276,0,-0.8660488128662109,0,1,0,0.8660488128662109,0,-0.49995946884155276],"jump":false,"vel":[0,0.00041615994996391237,0],"t":2.6166667975485327,"platformStand":false,"state":"Running"},{"cf":[-895.722412109375,132.71339416503907,-912.6243896484375,-0.49995946884155276,0,-0.8660488128662109,0,1,0,0.8660488128662109,0,-0.49995946884155276],"jump":false,"vel":[0,0.00041615994996391237,0],"t":2.6333334650844337,"platformStand":false,"state":"Running"},{"cf":[-895.722412109375,132.71339416503907,-912.6243896484375,-0.49995946884155276,0,-0.8660488128662109,0,1,0,0.8660488128662109,0,-0.49995946884155276],"jump":false,"vel":[0,0.00041615994996391237,0],"t":2.6541667990386488,"platformStand":false,"state":"Running"},{"cf":[-895.722412109375,132.71339416503907,-912.6243896484375,-0.49995946884155276,0,-0.8660488128662109,0,1,0,0.8660488128662109,0,-0.49995946884155276],"jump":false,"vel":[0,0.00041615994996391237,0],"t":2.6708334665745498,"platformStand":false,"state":"Running"},{"cf":[-895.722412109375,132.71339416503907,-912.6243896484375,-0.49995946884155276,0,-0.8660488128662109,0,1,0,0.8660488128662109,0,-0.49995946884155276],"jump":false,"vel":[0,0.00041615994996391237,0],"t":2.6916668005287649,"platformStand":false,"state":"Running"},{"cf":[-895.722412109375,132.71339416503907,-912.6243896484375,-0.49995946884155276,0,-0.8660488128662109,0,1,0,0.8660488128662109,0,-0.49995946884155276],"jump":false,"vel":[0,0.00041615994996391237,0],"t":2.708333468064666,"platformStand":false,"state":"Running"},{"cf":[-895.722412109375,132.71339416503907,-912.6243896484375,-0.49995946884155276,0,-0.8660488128662109,0,1,0,0.8660488128662109,0,-0.49995946884155276],"jump":false,"vel":[0,0.00041615994996391237,0],"t":2.729166802018881,"platformStand":false,"state":"Running"},{"cf":[-895.722412109375,132.71339416503907,-912.6243896484375,-0.49995946884155276,0,-0.8660488128662109,0,1,0,0.8660488128662109,0,-0.49995946884155276],"jump":false,"vel":[0,0.00041615994996391237,0],"t":2.745833469554782,"platformStand":false,"state":"Running"},{"cf":[-895.722412109375,132.71339416503907,-912.6243896484375,-0.49995946884155276,0,-0.8660488128662109,0,1,0,0.8660488128662109,0,-0.49995946884155276],"jump":false,"vel":[0,0.00041615994996391237,0],"t":2.770833471789956,"platformStand":false,"state":"Running"},{"cf":[-895.722412109375,132.71339416503907,-912.6243896484375,-0.49995946884155276,0,-0.8660488128662109,0,1,0,0.8660488128662109,0,-0.49995946884155276],"jump":false,"vel":[0,0.00041615994996391237,0],"t":2.787500139325857,"platformStand":false,"state":"Running"},{"cf":[-895.722412109375,132.71339416503907,-912.6243896484375,-0.49995946884155276,0,-0.8660488128662109,0,1,0,0.8660488128662109,0,-0.49995946884155276],"jump":false,"vel":[0,0.00041615994996391237,0],"t":2.808333473280072,"platformStand":false,"state":"Running"},{"cf":[-895.722412109375,132.71339416503907,-912.6243896484375,-0.49995946884155276,0,-0.8660488128662109,0,1,0,0.8660488128662109,0,-0.49995946884155276],"jump":false,"vel":[0,0.00041615994996391237,0],"t":2.8291668072342874,"platformStand":false,"state":"Running"},{"cf":[-895.722412109375,132.71339416503907,-912.6243896484375,-0.49995946884155276,0,-0.8660488128662109,0,1,0,0.8660488128662109,0,-0.49995946884155276],"jump":false,"vel":[0,0.00041615994996391237,0],"t":2.8500001411885025,"platformStand":false,"state":"Running"},{"cf":[-895.722412109375,132.71339416503907,-912.6243896484375,-0.49995946884155276,0,-0.8660488128662109,0,1,0,0.8660488128662109,0,-0.49995946884155276],"jump":false,"vel":[0,0.00041615994996391237,0],"t":2.8750001434236767,"platformStand":false,"state":"Running"},{"cf":[-895.722412109375,132.71339416503907,-912.6243896484375,-0.49995946884155276,0,-0.8660488128662109,0,1,0,0.8660488128662109,0,-0.49995946884155276],"jump":false,"vel":[0,0.00041615994996391237,0],"t":2.9000001456588508,"platformStand":false,"state":"Running"},{"cf":[-895.722412109375,132.71339416503907,-912.6243896484375,-0.49995946884155276,0,-0.8660488128662109,0,1,0,0.8660488128662109,0,-0.49995946884155276],"jump":false,"vel":[0,0.00041615994996391237,0],"