{"length":10114,"name":"merged_all","frames":[{"cf":[949.1873779296875,120.38117980957031,-984.4974975585938,0,0,-1,0,1,0,1,0,0],"jump":false,"vel":[0,0.00020810379646718502,0],"t":0,"platformStand":false,"state":"Running"},{"cf":[949.1873779296875,120.38117980957031,-984.4974975585938,0,0,-1,0,1,0,1,0,0],"jump":false,"vel":[0,0.00020810379646718502,0],"t":0.03333333507180214,"platformStand":false,"state":"Running"},{"cf":[949.1873779296875,120.38117980957031,-984.4974975585938,0,0,-1,0,1,0,1,0,0],"jump":false,"vel":[0,0.00020810379646718502,0],"t":0.05416666902601719,"platformStand":false,"state":"Running"},{"cf":[949.1873779296875,120.38117980957031,-984.4974975585938,0,0,-1,0,1,0,1,0,0],"jump":false,"vel":[0,0.00020810379646718502,0],"t":0.07500000298023224,"platformStand":false,"state":"Running"},{"cf":[949.1873779296875,120.38117980957031,-984.4974975585938,0,0,-1,0,1,0,1,0,0],"jump":false,"vel":[0,0.00020810379646718502,0],"t":0.09166667051613331,"platformStand":false,"state":"Running"},{"cf":[949.1873779296875,120.38117980957031,-984.4974975585938,0,0,-1,0,1,0,1,0,0],"jump":false,"vel":[0,0.00020810379646718502,0],"t":0.11666667275130749,"platformStand":false,"state":"Running"},{"cf":[949.1873779296875,120.38117980957031,-984.4974975585938,0,0,-1,0,1,0,1,0,0],"jump":false,"vel":[0,0.00020810379646718502,0],"t":0.14166667498648168,"platformStand":false,"state":"Running"},{"cf":[949.1873779296875,120.38117980957031,-984.4974975585938,0,0,-1,0,1,0,1,0,0],"jump":false,"vel":[0,0.00020810379646718502,0],"t":0.16250000894069673,"platformStand":false,"state":"Running"},{"cf":[949.1873779296875,120.38117980957031,-984.4974975585938,0,0,-1,0,1,0,1,0,0],"jump":false,"vel":[0,0.00020810379646718502,0],"t":0.1875000111758709,"platformStand":false,"state":"Running"},{"cf":[949.1873779296875,120.38117980957031,-984.4974975585938,0,0,-1,0,1,0,1,0,0],"jump":false,"vel":[0,0.00020810379646718502,0],"t":0.20833334513008595,"platformStand":false,"state":"Running"},{"cf":[949.1873779296875,120.38117980957031,-984.4974975585938,0,0,-1,0,1,0,1,0,0],"jump":false,"vel":[0,0.00020810379646718502,0],"t":0.23333334736526013,"platformStand":false,"state":"Running"},{"cf":[949.1873779296875,120.38117980957031,-984.4974975585938,0,0,-1,0,1,0,1,0,0],"jump":false,"vel":[0,0.00020810379646718502,0],"t":0.2583333496004343,"platformStand":false,"state":"Running"},{"cf":[949.1873779296875,120.38117980957031,-984.4974975585938,0,0,-1,0,1,0,1,0,0],"jump":false,"vel":[0,0.00020810379646718502,0],"t":0.27916668355464938,"platformStand":false,"state":"Running"},{"cf":[949.1873779296875,120.38117980957031,-984.4974975585938,0,0,-1,0,1,0,1,0,0],"jump":false,"vel":[0,0.00020810379646718502,0],"t":0.3000000175088644,"platformStand":false,"state":"Running"},{"cf":[949.1873779296875,120.38117980957031,-984.4974975585938,0,0,-1,0,1,0,1,0,0],"jump":false,"vel":[0,0.00020810379646718502,0],"t":0.3250000197440386,"platformStand":false,"state":"Running"},{"cf":[949.1873779296875,120.38117980957031,-984.4974975585938,0,0,-1,0,1,0,1,0,0],"jump":false,"vel":[0,0.00020810379646718502,0],"t":0.35000002197921278,"platformStand":false,"state":"Running"},{"cf":[949.1873779296875,120.38117980957031,-984.4974975585938,0,0,-1,0,1,0,1,0,0],"jump":false,"vel":[0,0.00020810379646718502,0],"t":0.3708333559334278,"platformStand":false,"state":"Running"},{"cf":[949.1873779296875,120.38117980957031,-984.4974975585938,0,0,-1,0,1,0,1,0,0],"jump":false,"vel":[0,0.00020810379646718502,0],"t":0.395833358168602,"platformStand":false,"state":"Running"},{"cf":[949.1873779296875,120.38117980957031,-984.4974975585938,0,0,-1,0,1,0,1,0,0],"jump":false,"vel":[0,0.00020810379646718502,0],"t":0.45000002905726435,"platformStand":false,"state":"Running"},{"cf":[949.1873779296875,120.38117980957031,-984.4974975585938,0,0,-1,0,1,0,1,0,0],"jump":false,"vel":[0,0.00020810379646718502,0],"t":0.4916666969656944,"platformStand":false,"state":"Running"},{"cf":[949.1873779296875,120.38117980957031,-984.4974975585938,0,0,-1,0,1,0,1,0,0],"jump":false,"vel":[0,0.00020810379646718502,0],"t":0.5333333648741245,"platformStand":false,"state":"Running"},{"cf":[949.1873779296875,120.38117980957031,-984.4974975585938,0,0,-1,0,1,0,1,0,0],"jump":false,"vel":[0,0.00020810379646718502,0],"t":0.5625000335276127,"platformStand":false,"state":"Running"},{"cf":[949.1873779296875,120.38117980957031,-984.4974975585938,0,0,-1,0,1,0,1,0,0],"jump":false,"vel":[0,0.00020810379646718502,0],"t":0.612500037997961,"platformStand":false,"state":"Running"},{"cf":[949.1873779296875,120.38117980957031,-984.4974975585938,0,0,-1,0,1,0,1,0,0],"jump":false,"vel":[0,0.00020810379646718502,0],"t":0.6458333730697632,"platformStand":false,"state":"Running"},{"cf":[949.1873779296875,120.38117980957031,-984.4974975585938,0,0,-1,0,1,0,1,0,0],"jump":false,"vel":[0,0.00020810379646718502,0],"t":0.7125000432133675,"platformStand":false,"state":"Running"},{"cf":[949.1873779296875,120.38117980957031,-984.4974975585938,0,0,-1,0,1,0,1,0,0],"jump":false,"vel":[0,0.00020810379646718502,0],"t":0.7666667141020298,"platformStand":false,"state":"Running"},{"cf":[949.1873779296875,120.38117980957031,-984.4974975585938,0,0,-1,0,1,0,1,0,0],"jump":false,"vel":[0,0.00020810379646718502,0],"t":0.8208333849906921,"platformStand":false,"state":"Running"},{"cf":[949.1873779296875,120.38117980957031,-984.4974975585938,0,0,-1,0,1,0,1,0,0],"jump":false,"vel":[0,0.00020810379646718502,0],"t":0.8708333894610405,"platformStand":false,"state":"Running"},{"cf":[949.1873779296875,120.38117980957031,-984.4974975585938,0,0,-1,0,1,0,1,0,0],"jump":false,"vel":[0,0.00020810379646718502,0],"t":0.9291667267680168,"platformStand":false,"state":"Running"},{"cf":[949.1873779296875,120.38117980957031,-984.4974975585938,0,0,-1,0,1,0,1,0,0],"jump":false,"vel":[0,0.00020810379646718502,0],"t":0.9500000607222319,"platformStand":false,"state":"Running"},{"cf":[949.1873779296875,120.38117980957031,-984.4974975585938,0,0,-1,0,1,0,1,0,0],"jump":false,"vel":[0,0.00020810379646718502,0],"t":1.0166667308658362,"platformStand":false,"state":"Running"},{"cf":[949.1873779296875,120.38117980957031,-984.4974975585938,0,0,-1,0,1,0,1,0,0],"jump":false,"vel":[0,0.00020810379646718502,0],"t":1.0708334017544985,"platformStand":false,"state":"Running"},{"cf":[949.1873779296875,120.38117980957031,-984.4974975585938,0,0,-1,0,1,0,1,0,0],"jump":false,"vel":[0,0.00020810379646718502,0],"t":1.1000000704079867,"platformStand":false,"state":"Running"},{"cf":[949.5006103515625,120.38117980957031,-984.5309448242188,0.026844603940844537,5.898052108932461e-7,-0.999639630317688,1.8625108566538985e-8,1,5.905180273657606e-7,0.999639630317688,-3.447064500505803e-8,0.026844603940844537],"jump":false,"vel":[11.77270221710205,0.00020811427384614944,-1.2528972625732422],"t":1.1291667390614749,"platformStand":false,"state":"Running"},{"cf":[949.9561767578125,120.38117980957031,-984.4903564453125,0.001565018086694181,6.536723731187522e-7,-0.9999987483024597,3.643576107492663e-8,1,6.537301828757336e-7,0.9999987483024597,-3.745881471672874e-8,0.001565018086694181],"jump":false,"vel":[15.91429328918457,0.00020799112098757178,1.590793490409851],"t":1.158333407714963,"platformStand":false,"state":"Running"},{"cf":[951.0166625976563,120.38117980957031,-984.3748779296875,-0.057784806936979297,6.046045086804952e-7,-0.9983290433883667,3.2571243480106207e-8,1,6.037311663931177e-7,0.9983290433883667,2.3696715700793904e-9,-0.057784806936979297],"jump":false,"vel":[15.905627250671387,0.00020810338901355863,1.7345279455184937],"t":1.2250000778585673,"platformStand":false,"state":"Running"},{"cf":[951.7457885742188,120.38117980957031,-984.2936401367188,-0.0798925906419754,1.6526566071206617e-7,-0.9968034625053406,6.605233693335322e-9,1,1.6526622914625478e-7,0.9968034625053406,6.61942678448213e-9,-0.0798925906419754],"jump":false,"vel":[15.901392936706543,0.0002079973346553743,1.7733654975891114],"t":1.2708334121853114,"platformStand":false,"state":"Running"},{"cf":[952.142822265625,120.38117980957031,-984.24462890625,-0.08911129832267761,1.4048362118046499e-7,-0.9960216879844666,6.4850964598406339e-9,1,1.4046453600258247e-7,0.9960216879844666,6.057681911642021e-9,-0.08911129832267761],"jump":false,"vel":[15.876811981201172,0.0002080101112369448,1.9815689325332642],"t":1.2958334144204856,"platformStand":false,"state":"Running"},{"cf":[952.406982421875,120.38117980957031,-984.2085571289063,-0.09538678824901581,1.4223164157556313e-7,-0.9954403042793274,6.812098884978468e-9,1,1.4223039102034819e-7,0.9954403042793274,6.785862538549736e-9,-0.09538678824901581],"jump":false,"vel":[15.849030494689942,0.00020798953482881188,2.1925296783447267],"t":1.3125000819563866,"platformStand":false,"state":"Running"},{"cf":[952.8026123046875,120.38117980957031,-984.14990234375,-0.10563000291585922,1.3926789677043417e-7,-0.9944055080413818,6.751985193176324e-9,1,1.3933419040768059e-7,0.9944055080413818,8.003660845190553e-9,-0.10563000291585922],"jump":false,"vel":[15.825064659118653,0.0002080817212117836,2.359436273574829],"t":1.3375000841915608,"platformStand":false,"state":"Running"},{"cf":[953.0662841796875,120.38117980957031,-984.1094970703125,-0.11209848523139954,1.2612217403784599e-7,-0.9936971068382263,6.055774548485715e-9,1,1.2623900147445966e-7,0.9936971068382263,8.133595130743743e-9,-0.11209848523139954],"jump":false,"vel":[15.813119888305664,0.00020809160196222365,2.438223361968994],"t":1.3541667517274619,"platformStand":false,"state":"Running"},{"cf":[953.3955688476563,120.38117980957031,-984.0570678710938,-0.11981883645057678,1.3002917853555119e-7,-0.9927957653999329,6.211975822623117e-9,1,1.3022301459386655e-7,0.9927957653999329,9.435947134761591e-9,-0.11981883645057678],"jump":false,"vel":[15.799332618713379,0.00020809945999644697,2.52592396736145],"t":1.3750000856816769,"platformStand":false,"state":"Running"},{"cf":[953.724853515625,120.38117980957031,-984.0045166015625,-0.12648828327655793,1.2976201446690539e-7,-0.9919680953025818,6.090195903141193e-9,1,1.300361134326522e-7,0.9919680953025818,1.0406764339165875e-8,-0.12648828327655793],"jump":false,"vel":[15.799854278564454,0.0002081007551169023,2.5226826667785646],"t":1.395833419635892,"platformStand":false,"state":"Running"},{"cf":[954.0541381835938,120.38117980957031,-983.9519653320313,-0.13197585940361024,1.241658367234777e-7,-0.9912529587745667,5.693530091832599e-9,1,1.2450347242065619e-7,0.9912529587745667,1.0787725379657332e-8,-0.13197585940361024],"jump":false,"vel":[15.800469398498536,0.00020809478883165866,2.5188612937927248],"t":1.416666753590107,"platformStand":false,"state":"Running"},{"cf":[954.3834228515625,120.38117980957031,-983.8994750976563,-0.13648293912410737,1.1769265029215603e-7,-0.9906424283981323,5.281219461750197e-9,1,1.1807676969510794e-7,0.9906424283981323,1.088366552437492e-8,-0.13648293912410737],"jump":false,"vel":[15.80048656463623,0.00020811971626244485,2.518847703933716],"t":1.437500087544322,"platformStand":false,"state":"Running"},{"cf":[954.7785034179688,120.38117980957031,-983.83642578125,-0.14089541137218476,1.134950409209523e-7,-0.9900245070457459,4.9783301925288019e-9,1,1.1393012755434029e-7,0.9900245070457459,1.1123563403714343e-8,-0.14089541137218476],"jump":false,"vel":[15.800482749938965,0.00020811054855585098,2.51887845993042],"t":1.4625000897794963,"platformStand":false,"state":"Running"},{"cf":[955.0419311523438,120.38117980957031,-983.7943725585938,-0.143291175365448,1.2411990724103817e-7,-0.9896805882453919,5.358138821520697e-9,1,1.2463833343190346e-7,0.9896805882453919,1.2556727213564045e-8,-0.143291175365448],"jump":false,"vel":[15.80048656463623,0.0002080846461467445,2.518834114074707],"t":1.4791667573153973,"platformStand":false,"state":"Running"},{"cf":[955.3053588867188,120.38117980957031,-983.7523803710938,-0.14529798924922944,9.591868632696787e-8,-0.9893879294395447,4.121720298400078e-9,1,9.634219821919032e-8,0.9893879294395447,9.920347210368164e-9,-0.14529798924922944],"jump":false,"vel":[15.80048656463623,0.00020811308058910072,2.518860340118408],"t":1.4958334248512984,"platformStand":false,"state":"Running"},{"cf":[955.5687866210938,120.38117980957031,-983.7103881835938,-0.14701291918754579,9.211243678919345e-8,-0.9891345500946045,3.845082918729759e-9,1,9.255278143882606e-8,0.9891345500946045,9.803150291531893e-9,-0.14701291918754579],"jump":false,"vel":[15.800484657287598,0.00020809979469049722,2.5188703536987306],"t":1.5125000923871995,"platformStand":false,"state":"Running"},{"cf":[955.8980712890625,120.38117980957031,-983.6578369140625,-0.1488359570503235,1.1198667237977134e-7,-0.9888619184494019,4.54623272361232e-9,1,1.1256377518975569e-7,0.9888619184494019,1.2257940440463244e-8,-0.1488359570503235],"jump":false,"vel":[15.8004789352417,0.0002080877748085186,2.5188889503479006],"t":1.5333334263414145,"platformStand":false,"state":"Running"},{"cf":[956.1612548828125,120.38117980957031,-983.61474609375,-0.15053437650203706,9.41335187576442e-8,-0.9886047840118408,3.878028120851695e-9,1,9.462804939630587e-8,0.9886047840118408,1.0410937001381626e-8,-0.15053437650203706],"jump":false,"vel":[15.787466049194336,0.00020811961439903826,2.5991883277893068],"t":1.5500000938773156,"platformStand":false,"state":"Running"},{"cf":[956.6210327148438,120.38117980957031,-983.5354614257813,-0.1549263894557953,1.1455137638449742e-7,-0.9879260063171387,5.062158248136939e-9,1,1.1515751907609229e-7,0.9879260063171387,1.2839901586403358e-8,-0.1549263894557953],"jump":false,"vel":[15.765266418457032,0.000208069512154907,2.7306203842163088],"t":1.5791667625308037,"platformStand":false,"state":"Running"},{"cf":[956.9494018554688,120.38117980957031,-983.4778442382813,-0.15806284546852113,1.1914514885802419e-7,-0.9874290823936462,5.500093713806109e-9,1,1.1978156067016244e-7,0.9874290823936462,1.3502061690928713e-8,-0.15806284546852113],"jump":false,"vel":[15.75790786743164,0.00020808388944715261,2.772786855697632],"t":1.6000000964850188,"platformStand":false,"state":"Running"},{"cf":[957.2118530273438,120.38117980957031,-983.4303588867188,-0.16071617603302003,1.0365972258341572e-7,-0.9870006442070007,4.857915847367167e-9,1,1.042339548007476e-7,0.9870006442070007,1.1957316026212084e-8,-0.16071617603302003],"jump":false,"vel":[15.743133544921875,0.000208097422728315,2.8554344177246095],"t":1.6166667640209199,"platformStand":false,"state":"Running"},{"cf":[957.5399169921875,120.38117980957031,-983.370849609375,-0.16379866003990174,9.860318783694311e-8,-0.9864937663078308,4.55926496556458e-9,1,9.919614996078963e-8,0.9864937663078308,1.1750509010255428e-8,-0.16379866003990174],"jump":false,"vel":[15.742851257324219,0.00020810731803067029,2.8570313453674318],"t":1.6375000979751349,"platformStand":false,"state":"Running"},{"cf":[957.8023681640625,120.38117980957031,-983.3231811523438,-0.16590259969234467,1.0935034566728064e-7,-0.9861421585083008,4.855936541758865e-9,1,1.1007006861518676e-7,0.9861421585083008,1.3472266857661453e-8,-0.16590259969234467],"jump":false,"vel":[15.742847442626954,0.00020808713452424854,2.8570146560668947],"t":1.654166765511036,"platformStand":false,"state":"Running"},{"cf":[957.963134765625,120.38117980957031,-983.2940673828125,-0.16631121933460236,1.0684652096415448e-7,-0.9860733151435852,4.4315435765440729e-9,1,1.0760813040633366e-7,0.9860733151435852,1.3526612718806064e-8,-0.16631121933460236],"jump":false,"vel":[3.9373676776885988,0.00020813391893170774,0.7139878869056702],"t":1.675000099465251,"platformStand":false,"state":"Running"},{"cf":[957.9688720703125,120.38117980957031,-983.2930297851563,-0.16631445288658143,3.673108039947692e-8,-0.9860727787017822,1.150194384180736e-9,1,3.7055873036706546e-8,0.9860727787017822,5.028752081415178e-9,-0.16631445288658143],"jump":false,"vel":[0.011688901111483574,0.00020813387527596205,0.002118354197591543],"t":1.695833433419466,"platformStand":false,"state":"Running"},{"cf":[957.9688720703125,120.38117980957031,-983.2930297851563,-0.16631446778774262,-9.962600522328558e-9,-0.9860727787017822,-1.0352488866161025e-9,1,-9.928702304762283e-9,0.9860727787017822,-6.304561317449497e-10,-0.16631446778774262],"jump":false,"vel":[0.00023115769727155566,0.0002081338461721316,0.00004186689329799265],"t":1.712500100955367,"platformStand":false,"state":"Running"},{"cf":[957.9688720703125,120.38117980957031,-983.2930297851563,-0.16631446778774262,-5.661638269316427e-8,-0.9860727787017822,-3.218826094553151e-9,1,-5.6873130205303826e-8,0.9860727787017822,-6.2848277693206e-9,-0.16631446778774262],"jump":false,"vel":[0.000004571919816953596,0.00020813383162021637,8.273270850622794e-7],"t":1.7333334349095822,"platformStand":false,"state":"Running"},{"cf":[957.9688720703125,120.38117980957031,-983.2930297851563,-0.16631446778774262,-1.032303060810591e-7,-0.9860727787017822,-5.4005391270095519e-9,1,-1.037774524093038e-7,0.9860727787017822,-1.1934366384025452e-8,-0.16631446778774262],"jump":false,"vel":[9.09798245629645e-8,0.0002081338025163859,1.6410510284003977e-8],"t":1.7500001024454833,"platformStand":false,"state":"Running"},{"cf":[957.9688720703125,120.38117980957031,-983.2930297851563,-0.16631446778774262,-8.021955011372484e-8,-0.9860727787017822,-4.047028046016976e-9,1,-8.066997736477788e-8,0.9860727787017822,-9.425920488581596e-9,-0.16631446778774262],"jump":false,"vel":[2.448488203299348e-7,0.00020808899716939777,2.8804031160234446e-8],"t":1.7666667699813843,"platformStand":false,"state":"Running"},{"cf":[957.9688720703125,120.38117980957031,-983.2930297851563,-0.16631446778774262,-5.72284477584617e-8,-0.9860727787017822,-2.6946724851484307e-9,1,-5.7582244750165049e-8,0.9860727787017822,-6.919617323575267e-9,-0.16631446778774262],"jump":false,"vel":[4.563446509564528e-9,0.000208089011721313,5.392237767409824e-10],"t":1.7833334375172854,"platformStand":false,"state":"Running"},{"cf":[957.9688720703125,120.38117980957031,-983.2930297851563,-0.16631446778774262,-3.4256995462556009e-8,-0.9860727787017822,-1.3434718892924025e-9,1,-3.451424390732427e-8,0.9860727787017822,-4.415456889006464e-9,-0.16631446778774262],"jump":false,"vel":[-1.8809487301041373e-10,0.00020808902627322823,-1.9682033780554776e-11],"t":1.8000001050531865,"platformStand":false,"state":"Running"},{"cf":[957.9688720703125,120.38117980957031,-983.2930297851563,-0.16631446778774262,1.6338827513173727e-10,-0.9860727787017822,6.811655128835525e-10,1,5.0808215273923099e-11,0.9860727787017822,-6.632285831642548e-10,-0.16631446778774262],"jump":false,"vel":[-2.8330759960226717e-10,0.00020808904082514346,-3.0887292723491558e-11],"t":1.8208334390074015,"platformStand":false,"state":"Running"},{"cf":[957.9688720703125,120.38117980957031,-983.2930297851563,-0.16631446778774262,2.3085803491085245e-8,-0.9860727787017822,2.029482804033478e-9,1,2.3069565813216287e-8,0.9860727787017822,1.8355847952733484e-9,-0.16631446778774262],"jump":false,"vel":[-2.8336444302112797e-10,0.00020808905537705868,-3.0887292723491558e-11],"t":1.8416667729616166,"platformStand":false,"state":"Running"},{"cf":[957.9688720703125,120.38117980957031,-983.2930297851563,-0.16631446778774262,4.5988631569571228e-8,-0.9860727787017822,3.3766482943065059e-9,1,4.606865289247253e-8,0.9860727787017822,4.332262548700783e-9,-0.16631446778774262],"jump":false,"vel":[-2.830802259268239e-10,0.0002080890699289739,-3.086597644141875e-11],"t":1.8583334404975176,"platformStand":false,"state":"Running"},{"cf":[957.9688720703125,120.38117980957031,-983.2930297851563,-0.16631446778774262,8.030618658949607e-8,-0.9860727787017822,5.395239810468411e-9,1,8.053044808775667e-8,0.9860727787017822,8.073279822440327e-9,-0.16631446778774262],"jump":false,"vel":[-2.8273916541365909e-10,0.00020808908448088914,-3.083044930463075e-11],"t":1.8791667744517327,"platformStand":false,"state":"Running"},{"cf":[957.9688720703125,120.38117980957031,-983.2930297851563,-0.16631446778774262,1.0316012577504807e-7,-0.9860727787017822,6.739530711286079e-9,1,1.0348043844032873e-7,0.9860727787017822,1.0564626506948116e-8,-0.16631446778774262],"jump":false,"vel":[-2.8245494831935505e-10,0.00020808909903280437,-3.080202759520034e-11],"t":1.8958334419876338,"platformStand":false,"state":"Running"},{"cf":[957.9688720703125,120.38117980957031,-983.2930297851563,-0.16631446778774262,1.2599453214079404e-7,-0.9860727787017822,8.082673197407076e-9,1,1.2641082491882117e-7,0.9860727787017822,1.3053844227783884e-8,-0.16631446778774262],"jump":false,"vel":[-2.822275746439118e-10,0.0002080891135847196,-3.077360588576994e-11],"t":1.9125001095235348,"platformStand":false,"state":"Running"},{"cf":[957.9688720703125,120.38117980957031,-983.2930297851563,-0.16631446778774262,7.806490742723327e-8,-0.9860727787017822,4.9370272314774869e-9,1,7.833479287455703e-8,0.9860727787017822,8.159941167207308e-9,-0.16631446778774262],"jump":false,"vel":[-2.468084403517423e-7,0.00020813454466406256,-2.5751575094545843e-8],"t":1.9291667770594359,"platformStand":false,"state":"Running"},{"cf":[957.9688720703125,120.38117980957031,-983.2930297851563,-0.16631446778774262,3.017622773882067e-8,-0.9860727787017822,1.7940677832228858e-9,1,3.0299840858560859e-8,0.9860727787017822,3.270220538809099e-9,-0.16631446778774262],"jump":false,"vel":[-4.300545697333291e-9,0.0002081345155602321,-4.4998671455687147e-10],"t":1.950000111013651,"platformStand":false,"state":"Running"},{"cf":[957.9688720703125,120.38117980957031,-983.2930297851563,-0.16631446778774262,-1.767153001708266e-8,-0.9860727787017822,-1.346207256780474e-9,1,-1.769406665630413e-8,0.9860727787017822,-1.6153208770575134e-9,-0.16631446778774262],"jump":false,"vel":[4.946514309267513e-10,0.00020813448645640165,5.030642569181509e-11],"t":1.966666778549552,"platformStand":false,"state":"Running"},{"cf":[957.9688720703125,120.38117980957031,-983.2930297851563,-0.16631446778774262,-8.936652307056647e-8,-0.9860727787017822,-6.051590784039718e-9,1,-8.960805075730605e-8,0.9860727787017822,-8.935805873022673e-9,-0.16631446778774262],"jump":false,"vel":[5.90375748288352e-10,0.00020813444280065596,6.02966565566021e-11],"t":1.987500112503767,"platformStand":false,"state":"Running"},{"cf":[957.9688720703125,120.38117980957031,-983.2930297851563,-0.16631446778774262,-9.963832070525314e-8,-0.9860727787017822,-6.6804264342579248e-9,1,-9.99188642936133e-8,0.9860727787017822,-1.003056571136085e-8,-0.16631446778774262],"jump":false,"vel":[0.0000018630851172929397,0.00020808631961699575,1.879483590983e-7],"t":2.004166780039668,"platformStand":false,"state":"Running"},{"cf":[957.9688720703125,120.38117980957031,-983.2930297851563,-0.16631446778774262,-7.244353383839553e-8,-0.9860727787017822,-4.805057685075553e-9,1,-7.265628454433681e-8,0.9860727787017822,-7.345654307044924e-9,-0.16631446778774262],"jump":false,"vel":[3.6513768009172057e-8,0.0002080863487208262,3.6842209283349804e-9],"t":2.025000113993883,"platformStand":false,"state":"Running"},{"cf":[957.9688720703125,120.38117980957031,-983.2930297851563,-0.16631446778774262,-3.169491336052488e-8,-0.9860727787017822,-1.9950079366282127e-9,1,-3.1806084876961907e-8,0.9860727787017822,-3.3225893147914577e-9,-0.16631446778774262],"jump":false,"vel":[-2.332285475858953e-10,0.00020808636327274144,-2.2815527245256818e-11],"t":2.0500001162290575,"platformStand":false,"state":"Running"},{"cf":[957.9688720703125,120.38117980957031,-983.2930297851563,-0.16631446778774262,9.001493772586855e-9,-0.9860727787017822,8.114428573513521e-10,1,8.991769107069559e-9,0.9860727787017822,6.95319579691045e-10,-0.16631446778774262],"jump":false,"vel":[-3.3497826734674165e-10,0.0002080863923765719,-3.3082869776990267e-11],"t":2.0708334501832725,"platformStand":false,"state":"Running"},{"cf":[957.9688720703125,120.38117980957031,-983.2930297851563,-0.16631446778774262,3.6103458000980029e-8,-0.9860727787017822,2.680412780620145e-9,1,3.616129262695722e-8,0.9860727787017822,3.371063872492641e-9,-0.16631446778774262],"jump":false,"vel":[-3.3497826734674165e-10,0.00020808640692848712,-3.3075764349632666e-11],"t":2.0916667841374876,"platformStand":false,"state":"Running"},{"cf":[957.9688720703125,120.38117980957031,-983.2930297851563,-0.16631446778774262,7.671299329103931e-8,-0.9860727787017822,5.480874420982218e-9,1,7.687205538786657e-8,0.9860727787017822,7.380394073663865e-9,-0.16631446778774262],"jump":false,"vel":[-3.3452351999585519e-10,0.00020808642148040235,-3.303313178548706e-11],"t":2.1166667863726618,"platformStand":false,"state":"Running"},{"cf":[957.9688720703125,120.38117980957031,-983.2930297851563,-0.16631446778774262,1.3077809057904234e-7,-0.9860727787017822,9.209243145846813e-9,1,1.3107194263284328e-7,0.9860727787017822,1.2718175845805036e-8,-0.16631446778774262],"jump":false,"vel":[-3.340119292261079e-10,0.0002080864505842328,-3.297628836662625e-11],"t":2.1458334550261499,"platformStand":false,"state":"Running"},{"cf":[957.9688720703125,120.38117980957031,-983.2930297851563,-0.16631446778774262,5.9070714542031058e-8,-0.9860727787017822,4.125262798027052e-9,1,5.920924550650852e-8,0.9860727787017822,5.779544842710038e-9,-0.16631446778774262],"jump":false,"vel":[-3.620095867518103e-8,0.00020813442824874073,-3.528988656853471e-9],"t":2.175000123679638,"platformStand":false,"state":"Running"},{"cf":[958.1597900390625,120.38117980957031,-983.2534790039063,-0.1731017827987671,1.025436091595111e-7,-0.9849039316177368,4.531194974788377e-9,1,1.0331896049819989e-7,0.9849039316177368,1.3421904476729197e-8,-0.1731017827987671],"jump":false,"vel":[9.525666236877442,0.00020804091764148325,1.9707024097442628],"t":2.195833457633853,"platformStand":false,"state":"Running"},{"cf":[958.603515625,120.38117980957031,-983.1613159179688,-0.17946608364582063,1.2118633208046959e-7,-0.9837641716003418,5.481241238669554e-9,1,1.2218643519190665e-7,0.9837641716003418,1.6536073843553824e-8,-0.17946608364582063],"jump":false,"vel":[23.62064552307129,0.0002080663398373872,4.909438610076904],"t":2.220833459869027,"platformStand":false,"state":"Running"},{"cf":[959.19287109375,120.38117980957031,-983.0383911132813,-0.18386657536029817,1.2114389846829e-7,-0.9829512238502502,5.62709434603903e-9,1,1.2219248901601532e-7,0.9829512238502502,1.693595663709857e-8,-0.18386657536029817],"jump":false,"vel":[29.30008316040039,0.00020810139540117234,6.114436626434326],"t":2.241666793823242,"platformStand":false,"state":"Running"},{"cf":[960.0469360351563,120.38117980957031,-982.8489379882813,-0.19138725101947785,1.2479696920308926e-7,-0.9815146327018738,5.911106715217329e-9,1,1.2599471688190534e-7,0.9815146327018738,1.8311945737536918e-8,-0.19138725101947785],"jump":false,"vel":[29.28033447265625,0.00020810651767533273,6.531245231628418],"t":2.2708334624767305,"platformStand":false,"state":"Running"},{"cf":[960.654541015625,120.38117980957031,-982.7027587890625,-0.19838595390319825,1.3504615026249668e-7,-0.9801239967346191,6.508054983811462e-9,1,1.3646747731854703e-7,0.9801239967346191,2.0694528757303489e-8,-0.19838595390319825],"jump":false,"vel":[29.15241813659668,0.00020809406123589724,7.080541610717773],"t":2.2916667964309456,"platformStand":false,"state":"Running"},{"cf":[961.1390380859375,120.38117980957031,-982.5794677734375,-0.20483115315437318,1.4663059744179919e-7,-0.9787973165512085,7.11482117665696e-9,1,1.4831800854153699e-7,0.9787973165512085,2.341618099421794e-8,-0.20483115315437318],"jump":false,"vel":[29.061559677124025,0.00020807801047340035,7.44465446472168],"t":2.3083334639668466,"platformStand":false,"state":"Running"},{"cf":[961.86181640625,120.38117980957031,-982.3790893554688,-0.21709942817687989,1.8820732350377512e-7,-0.9761494994163513,9.354327978883248e-9,1,1.9072540169418063e-7,0.9761494994163513,3.227515321668761e-8,-0.21709942817687989],"jump":false,"vel":[28.892683029174806,0.0002080346894217655,8.075352668762207],"t":2.3333334662020208,"platformStand":false,"state":"Running"},{"cf":[962.5792846679688,120.38117980957031,-982.16064453125,-0.23193994164466859,2.7973564442618228e-7,-0.9727301001548767,1.4393013891833562e-8,1,2.841459831870452e-7,0.9727301001548767,5.190427998513769e-8,-0.23193994164466859],"jump":false,"vel":[28.677810668945314,0.0002080662816297263,8.80798053741455],"t":2.358333468437195,"platformStand":false,"state":"Running"},{"cf":[963.17431640625,120.38117980957031,-981.9691162109375,-0.2447325587272644,3.110045838639053e-7,-0.9695906043052673,1.6280811365732008e-8,1,3.1664924904362126e-7,0.9695906043052673,6.170866129195929e-8,-0.2447325587272644],"jump":false,"vel":[28.54080581665039,0.00020809668058063835,9.242291450500489],"t":2.37916680239141,"platformStand":false,"state":"Running"},{"cf":[963.7677001953125,120.38117980957031,-981.7728881835938,-0.25676921010017397,2.842115804924106e-7,-0.9664727449417114,1.4773371859178042e-8,1,2.9014603342147895e-7,0.9664727449417114,6.022250431669818e-8,-0.25676921010017397],"jump":false,"vel":[28.474872589111329,0.00020813068840652704,9.443556785583496],"t":2.400000136345625,"platformStand":false,"state":"Running"},{"cf":[964.3580932617188,120.38117980957031,-981.5679321289063,-0.2689235210418701,2.7387162049308247e-7,-0.9631615281105042,1.4105939527553346e-8,1,2.804079883844679e-7,0.9631615281105042,6.182200706916774e-8,-0.2689235210418701],"jump":false,"vel":[28.322900772094728,0.00020810299611184746,9.88992691040039],"t":2.42083347029984,"platformStand":false,"state":"Running"},{"cf":[965.0640869140625,120.38117980957031,-981.3146362304688,-0.28310003876686098,2.671950483090768e-7,-0.9590903520584106,1.3854516645039894e-8,1,2.745026392858563e-7,0.9590903520584106,6.442397904038444e-8,-0.28310003876686098],"jump":false,"vel":[28.22878074645996,0.00020811714057344943,10.155523300170899],"t":2.445833472535014,"platformStand":false,"state":"Running"},{"cf":[965.6515502929688,120.38117980957031,-981.1011352539063,-0.29346156120300295,2.1951458961666504e-7,-0.9559708833694458,1.1264609689476402e-8,1,2.261667901848341e-7,0.9559708833694458,5.5602619397632228e-8,-0.29346156120300295],"jump":false,"vel":[28.191017150878908,0.00020809561829082668,10.259833335876465],"t":2.466666806489229,"platformStand":false,"state":"Running"},{"cf":[966.2373657226563,120.38117980957031,-980.8834228515625,-0.30300232768058779,1.7644700278651727e-7,-0.9529898166656494,8.859219136070351e-9,1,1.8233420462365758e-7,0.9529898166656494,4.6804942144262898e-8,-0.30300232768058779],"jump":false,"vel":[28.110511779785158,0.00020808410772588104,10.478476524353028],"t":2.4875001404434444,"platformStand":false,"state":"Running"},{"cf":[966.8229370117188,120.38117980957031,-980.6651000976563,-0.31119799613952639,1.3749935590112728e-7,-0.9503450989723206,6.8226326810361119e-9,1,1.4244947976749246e-7,0.9503450989723206,3.784613866741893e-8,-0.31119799613952639],"jump":false,"vel":[28.10993194580078,0.00020810114801861346,10.480035781860352],"t":2.5083334743976595,"platformStand":false,"state":"Running"},{"cf":[967.4072875976563,120.38117980957031,-980.4434814453125,-0.3187265396118164,1.3306248547451106e-7,-0.9478467106819153,6.517692163754418e-9,1,1.3819230559874996e-7,0.9478467106819153,3.786778535186386e-8,-0.3187265396118164],"jump":false,"vel":[28.042055130004884,0.00020809679699596018,10.660333633422852],"t":2.5291668083518745,"platformStand":false,"state":"Running"},{"cf":[967.87451171875,120.38117980957031,-980.2656860351563,-0.32398465275764468,1.2123715009693115e-7,-0.9460623264312744,5.920868240139043e-9,1,1.2612159139280266e-7,0.9460623264312744,3.525995140307714e-8,-0.32398465275764468],"jump":false,"vel":[28.038442611694337,0.00020810813293792307,10.66983699798584],"t":2.5458334758877756,"platformStand":false,"state":"Running"},{"cf":[968.694580078125,120.38117980957031,-979.9601440429688,-0.3303227126598358,1.1371281516403542e-7,-0.9438680410385132,5.244102929680139e-9,1,1.1864006665973648e-7,0.9438680410385132,3.42397683539275e-8,-0.3303227126598358],"jump":false,"vel":[28.11957550048828,0.00020808892440982163,10.4541597366333],"t":2.5750001445412638,"platformStand":false,"state":"Running"},{"cf":[969.163330078125,120.38117980957031,-979.7857666015625,-0.3330211341381073,1.0859460530809884e-7,-0.9429193735122681,4.8975432598297179e-9,1,1.1343878014713482e-7,0.9429193735122681,3.3159523127324067e-8,-0.3330211341381073],"jump":false,"vel":[28.11967658996582,0.0002081026032101363,10.453879356384278],"t":2.5916668120771648,"platformStand":false,"state":"Running"},{"cf":[969.7505493164063,120.38117980957031,-979.5717163085938,-0.3349169194698334,1.1001304045521465e-7,-0.9422476887702942,4.738005543458712e-9,1,1.1507187025472376e-7,0.9422476887702942,3.4075139154765569e-8,-0.3349169194698334],"jump":false,"vel":[28.19355010986328,0.00020813319133594632,10.25297737121582],"t":2.6125001460313799,"platformStand":false,"state":"Running"},{"cf":[970.3379516601563,120.38117980957031,-979.3582763671875,-0.3361430764198303,6.112224326670912e-8,-0.9418109059333801,2.4283797195323588e-9,1,6.403191576964673e-8,0.9418109059333801,1.9236811255041176e-8,-0.3361430764198303],"jump":false,"vel":[28.195873260498048,0.00020812700677197427,10.246598243713379],"t":2.6333334799855949,"platformStand":false,"state":"Running"},{"cf":[970.9254150390625,120.38117980957031,-979.1449584960938,-0.3371063768863678,2.1126346894106974e-8,-0.9414665699005127,3.984031715642544e-10,1,2.2297173885021949e-8,0.9414665699005127,7.141435887092484e-9,-0.3371063768863678],"jump":false,"vel":[28.195884704589845,0.0002081232814816758,10.246569633483887],"t":2.65416681393981,"platformStand":false,"state":"Running"},{"cf":[971.3964233398438,120.38117980957031,-978.9771118164063,-0.3371078372001648,-8.043169685834073e-9,-0.9414660334587097,-1.1483656248145735e-9,1,-8.132047923936625e-9,0.9414660334587097,-1.6602298424928109e-9,-0.3371078372001648],"jump":false,"vel":[28.26880645751953,0.0002081230777548626,10.043603897094727],"t":2.670833481475711,"platformStand":false,"state":"Running"},{"cf":[971.9854125976563,120.38117980957031,-978.76806640625,-0.3367394208908081,-4.3872372401665419e-8,-0.9415978789329529,-3.036561668778859e-9,1,-4.550757992660692e-8,0.9415978789329529,-1.2464976606452183e-8,-0.3367394208908081],"jump":false,"vel":[28.270219802856447,0.00020812252478208393,10.039661407470704],"t":2.691666815429926,"platformStand":false,"state":"Running"},{"cf":[972.4577026367188,120.38117980957031,-978.6036376953125,-0.33582547307014468,-6.941560570794536e-8,-0.9419242143630981,-4.341046189182407e-9,1,-7.214780595177217e-8,0.9419242143630981,-2.0140134893154028e-8,-0.33582547307014468],"jump":false,"vel":[28.340333938598634,0.00020811831927858293,9.839944839477539],"t":2.708333482965827,"platformStand":false,"state":"Running"},{"cf":[973.1663208007813,120.38117980957031,-978.3578491210938,-0.33421793580055239,-9.241485798838767e-8,-0.9424958229064941,-5.518259627024236e-9,1,-9.609651385744655e-8,0.9424958229064941,-2.6916241679941778e-8,-0.33421793580055239],"jump":false,"vel":[28.34246253967285,0.00020810970454476774,9.833868980407715],"t":2.733333485201001,"platformStand":false,"state":"Running"},{"cf":[973.6387329101563,120.38117980957031,-978.1940307617188,-0.333292156457901,-9.799078526384619e-8,-0.942823588848114,-5.854773554858639e-9,1,-1.0186362686681605e-7,0.942823588848114,-2.8430328313788779e-8,-0.333292156457901],"jump":false,"vel":[28.342927932739259,0.0002081054262816906,9.832507133483887],"t":2.7500001527369024,"platformStand":false,"state":"Running"},{"cf":[974.1111450195313,120.38117980957031,-978.0302124023438,-0.332508385181427,-9.813132351155218e-8,-0.9431002736091614,-5.959811755218425e-9,1,-1.0195059019224573e-7,0.9431002736091614,-2.8278728692043843e-8,-0.332508385181427],"jump":false,"vel":[28.342941284179689,0.0002081023558275774,9.832472801208496],"t":2.7666668202728035,"platformStand":false,"state":"Running"},{"cf":[974.7003173828125,120.38117980957031,-977.8216552734375,-0.3325027525424957,-9.528062605568266e-8,-0.9431023001670837,-6.062796042982654e-9,1,-9.889142660313155e-8,0.9431023001670837,-2.716383740164474e-8,-0.3325027525424957],"jump":false,"vel":[28.272764205932618,0.000208102137548849,10.032456398010254],"t":2.7875001542270185,"platformStand":false,"state":"Running"},{"cf":[975.289306640625,120.38117980957031,-977.6126098632813,-0.3328067362308502,-9.196247674481129e-8,-0.9429950714111328,-6.176108957589577e-9,1,-9.53419885263429e-8,0.9429950714111328,-2.5906416567522684e-8,-0.3328067362308502],"jump":false,"vel":[28.272274017333986,0.00020810177375096828,10.033868789672852],"t":2.8083334881812336,"platformStand":false,"state":"Running"},{"cf":[975.759521484375,120.38117980957031,-977.442626953125,-0.33364084362983706,-8.683111474283578e-8,-0.9427002668380737,-6.212241832059817e-9,1,-8.991029432081632e-8,0.9427002668380737,-2.4141463939031383e-8,-0.33364084362983706],"jump":false,"vel":[28.20330238342285,0.0002080981939798221,10.226076126098633],"t":2.8250001557171346,"platformStand":false,"state":"Running"},{"cf":[976.2294921875,120.38117980957031,-977.272216796875,-0.33462655544281008,-7.491661335734534e-8,-0.9423508048057556,-5.943932901431026e-9,1,-7.738902496612354e-8,0.9423508048057556,-2.0295154001814809e-8,-0.33462655544281008],"jump":false,"vel":[28.201976776123048,0.00020809334819205105,10.22977352142334],"t":2.8416668232530357,"platformStand":false,"state":"Running"},{"cf":[976.8169555664063,120.38117980957031,-977.0592041015625,-0.3357318639755249,-5.083240495196151e-8,-0.9419575929641724,-5.14469977730414e-9,1,-5.2130971539554596e-8,0.9419575929641724,-1.2655940295758228e-8,-0.3357318639755249],"jump":false,"vel":[28.201953887939454,0.00020808847330044955,10.229839324951172],"t":2.8625001572072508,"platformStand":false,"state":"Running"},{"cf":[977.4043579101563,120.38117980957031,-976.84619140625,-0.33664318919181826,-1.9105485193904316e-8,-0.9416322708129883,-3.937922432584173e-9,1,-1.8881904040313203e-8,0.9416322708129883,-2.648389507697857e-9,-0.33664318919181826],"jump":false,"vel":[28.203458786010743,0.0002080852718790993,10.225703239440918],"t":2.8833334911614658,"platformStand":false,"state":"Running"},{"cf":[977.8764038085938,120.38117980957031,-976.6813354492188,-0.3360341787338257,9.669507861076454e-9,-0.9418497681617737,-2.7877871122683475e-9,1,1.1261136911855374e-8,0.9418497681617737,6.4098037988458149e-9,-0.3360341787338257],"jump":false,"vel":[28.34100341796875,0.00020808289991691709,9.837912559509278],"t":2.9000001586973669,"platformStand":false,"state":"Running"},{"cf":[978.468505859375,120.38117980957031,-976.48095703125,-0.3336871862411499,6.701542076825717e-8,-0.9426838755607605,-5.565661820305934e-10,1,7.128704027081767e-8,0.9426838755607605,2.4312237556500805e-8,-0.3336871862411499],"jump":false,"vel":[28.426864624023439,0.0002080604899674654,9.58712387084961],"t":2.9208334926515819,"platformStand":false,"state":"Running"},{"cf":[979.0618896484375,120.38117980957031,-976.2848510742188,-0.33046743273735049,1.1221064966093764e-7,-0.9438173770904541,2.661744380461073e-9,1,1.1795822985050109e-7,0.9438173770904541,3.646914947808e-8,-0.33046743273735049],"jump":false,"vel":[28.491378784179689,0.00020806804241146892,9.393665313720704],"t":2.941666826605797,"platformStand":false,"state":"Running"},{"cf":[979.6563110351563,120.38117980957031,-976.0917358398438,-0.3268612027168274,1.1247153963722667e-7,-0.9450723528862,4.651490304041772e-9,1,1.1739963667878328e-7,0.9450723528862,3.397738979060705e-8,-0.3268612027168274],"jump":false,"vel":[28.538782119750978,0.00020811721333302557,9.248669624328614],"t":2.962500160560012,"platformStand":false,"state":"Running"},{"cf":[980.1338500976563,120.38117980957031,-975.9434814453125,-0.32299891114234927,1.1062675042694537e-7,-0.9463993310928345,5.2638831071760709e-9,1,1.1509573027979059e-7,0.9463993310928345,3.219406252696899e-8,-0.32299891114234927],"jump":false,"vel":[28.665987014770509,0.00020808847330044955,8.846348762512207],"t":2.979166828095913,"platformStand":false,"state":"Running"},{"cf":[980.8552856445313,120.38117980957031,-975.7384643554688,-0.3135986626148224,1.308223858131896e-7,-0.9495556354522705,5.25938226303424e-9,1,1.