{"name":"merged runia","frames":[{"cf":[-142.04052734375,782.8939208984375,94.40904235839844,0.003902733325958252,0,-0.9999923706054688,0,1,0,0.9999923706054688,0,0.003902733325958252],"platformStand":false,"vel":[0,0.0016646473668515683,0],"t":0,"state":"Running"},{"cf":[-142.04052734375,782.8939208984375,94.40904235839844,0.003902733325958252,0,-0.9999923706054688,0,1,0,0.9999923706054688,0,0.003902733325958252],"platformStand":false,"vel":[0,0.0016646473668515683,0],"t":0.02500000223517418,"state":"Running"},{"cf":[-142.04052734375,782.8939208984375,94.40904235839844,0.003902733325958252,0,-0.9999923706054688,0,1,0,0.9999923706054688,0,0.003902733325958252],"platformStand":false,"vel":[0,0.0016646473668515683,0],"t":0.04583333618938923,"state":"Running"},{"cf":[-142.04052734375,782.8939208984375,94.40904235839844,0.003902733325958252,0,-0.9999923706054688,0,1,0,0.9999923706054688,0,0.003902733325958252],"platformStand":false,"vel":[0,0.0016646473668515683,0],"t":0.0625000037252903,"state":"Running"},{"cf":[-142.04052734375,782.8939208984375,94.40904235839844,0.003902733325958252,0,-0.9999923706054688,0,1,0,0.9999923706054688,0,0.003902733325958252],"platformStand":false,"vel":[0,0.0016646473668515683,0],"t":0.08750000596046448,"state":"Running"},{"cf":[-142.04052734375,782.8939208984375,94.40904235839844,0.003902733325958252,0,-0.9999923706054688,0,1,0,0.9999923706054688,0,0.003902733325958252],"platformStand":false,"vel":[0,0.0016646473668515683,0],"t":0.10000000707805157,"state":"Running"},{"cf":[-142.04052734375,782.8939208984375,94.40904235839844,0.003902733325958252,0,-0.9999923706054688,0,1,0,0.9999923706054688,0,0.003902733325958252],"platformStand":false,"vel":[0,0.0016646473668515683,0],"t":0.12083334103226662,"state":"Running"},{"cf":[-142.04052734375,782.8939208984375,94.40904235839844,0.003902733325958252,0,-0.9999923706054688,0,1,0,0.9999923706054688,0,0.003902733325958252],"platformStand":false,"vel":[0,0.0016646473668515683,0],"t":0.1375000085681677,"state":"Running"},{"cf":[-142.04052734375,782.8939208984375,94.40904235839844,0.003902733325958252,0,-0.9999923706054688,0,1,0,0.9999923706054688,0,0.003902733325958252],"platformStand":false,"vel":[0,0.0016646473668515683,0],"t":0.15833334252238275,"state":"Running"},{"cf":[-142.04052734375,782.8939208984375,94.40904235839844,0.003902733325958252,0,-0.9999923706054688,0,1,0,0.9999923706054688,0,0.003902733325958252],"platformStand":false,"vel":[0,0.0016646473668515683,0],"t":0.1750000100582838,"state":"Running"},{"cf":[-142.04052734375,782.8939208984375,94.40904235839844,0.003902733325958252,0,-0.9999923706054688,0,1,0,0.9999923706054688,0,0.003902733325958252],"platformStand":false,"vel":[0,0.0016646473668515683,0],"t":0.19583334401249886,"state":"Running"},{"cf":[-142.04052734375,782.8939208984375,94.40904235839844,0.003902733325958252,0,-0.9999923706054688,0,1,0,0.9999923706054688,0,0.003902733325958252],"platformStand":false,"vel":[0,0.0016646473668515683,0],"t":0.2166666779667139,"state":"Running"},{"cf":[-142.04052734375,782.8939208984375,94.40904235839844,0.003902733325958252,0,-0.9999923706054688,0,1,0,0.9999923706054688,0,0.003902733325958252],"platformStand":false,"vel":[0,0.0016646473668515683,0],"t":0.23750001192092896,"state":"Running"},{"cf":[-142.04052734375,782.8939208984375,94.40904235839844,0.003902733325958252,0,-0.9999923706054688,0,1,0,0.9999923706054688,0,0.003902733325958252],"platformStand":false,"vel":[0,0.0016646473668515683,0],"t":0.258333345875144,"state":"Running"},{"cf":[-142.04052734375,782.8939208984375,94.40904235839844,0.003902733325958252,0,-0.9999923706054688,0,1,0,0.9999923706054688,0,0.003902733325958252],"platformStand":false,"vel":[0,0.0016646473668515683,0],"t":0.2750000134110451,"state":"Running"},{"cf":[-142.04052734375,782.8939208984375,94.40904235839844,0.003902733325958252,0,-0.9999923706054688,0,1,0,0.9999923706054688,0,0.003902733325958252],"platformStand":false,"vel":[0,0.0016646473668515683,0],"t":0.29166668094694617,"state":"Running"},{"cf":[-142.04052734375,782.8939208984375,94.40904235839844,0.003902733325958252,0,-0.9999923706054688,0,1,0,0.9999923706054688,0,0.003902733325958252],"platformStand":false,"vel":[0,0.0016646473668515683,0],"t":0.3083333484828472,"state":"Running"},{"cf":[-142.04052734375,782.8939208984375,94.40904235839844,0.003902733325958252,0,-0.9999923706054688,0,1,0,0.9999923706054688,0,0.003902733325958252],"platformStand":false,"vel":[0,0.0016646473668515683,0],"t":0.3333333507180214,"state":"Running"},{"cf":[-142.04052734375,782.8939208984375,94.40904235839844,0.003902733325958252,0,-0.9999923706054688,0,1,0,0.9999923706054688,0,0.003902733325958252],"platformStand":false,"vel":[0,0.0016646473668515683,0],"t":0.35833335295319559,"state":"Running"},{"cf":[-142.04052734375,782.8939208984375,94.40904235839844,0.003902733325958252,0,-0.9999923706054688,0,1,0,0.9999923706054688,0,0.003902733325958252],"platformStand":false,"vel":[0,0.0016646473668515683,0],"t":0.3791666869074106,"state":"Running"},{"cf":[-142.04052734375,782.8939208984375,94.40904235839844,0.003902733325958252,0,-0.9999923706054688,0,1,0,0.9999923706054688,0,0.003902733325958252],"platformStand":false,"vel":[0,0.0016646473668515683,0],"t":0.3958333544433117,"state":"Running"},{"cf":[-142.04052734375,782.8939208984375,94.40904235839844,0.003902733325958252,0,-0.9999923706054688,0,1,0,0.9999923706054688,0,0.003902733325958252],"platformStand":false,"vel":[0,0.0016646473668515683,0],"t":0.42083335667848589,"state":"Running"},{"cf":[-142.04052734375,782.8939208984375,94.40904235839844,0.003902733325958252,0,-0.9999923706054688,0,1,0,0.9999923706054688,0,0.003902733325958252],"platformStand":false,"vel":[0,0.0016646473668515683,0],"t":0.46250002458691599,"state":"Running"},{"cf":[-142.04052734375,782.8939208984375,94.40904235839844,0.003902733325958252,0,-0.9999923706054688,0,1,0,0.9999923706054688,0,0.003902733325958252],"platformStand":false,"vel":[0,0.0016646473668515683,0],"t":0.48750002682209017,"state":"Running"},{"cf":[-142.04052734375,782.8939208984375,94.40904235839844,0.003902733325958252,0,-0.9999923706054688,0,1,0,0.9999923706054688,0,0.003902733325958252],"platformStand":false,"vel":[0,0.0016646473668515683,0],"t":0.5083333607763052,"state":"Running"},{"cf":[-142.04052734375,782.8939208984375,94.40904235839844,0.003902733325958252,0,-0.9999923706054688,0,1,0,0.9999923706054688,0,0.003902733325958252],"platformStand":false,"vel":[0,0.0016646473668515683,0],"t":0.5541666951030493,"state":"Running"},{"cf":[-142.04052734375,782.8939208984375,94.40904235839844,0.003902733325958252,0,-0.9999923706054688,0,1,0,0.9999923706054688,0,0.003902733325958252],"platformStand":false,"vel":[0,0.0016646473668515683,0],"t":0.5958333630114794,"state":"Running"},{"cf":[-142.04052734375,782.8939208984375,94.40904235839844,0.003902733325958252,0,-0.9999923706054688,0,1,0,0.9999923706054688,0,0.003902733325958252],"platformStand":false,"vel":[0,0.0016646473668515683,0],"t":0.6166666969656944,"state":"Running"},{"cf":[-142.04052734375,782.8939208984375,94.40904235839844,0.003902733325958252,0,-0.9999923706054688,0,1,0,0.9999923706054688,0,0.003902733325958252],"platformStand":false,"vel":[0,0.0016646473668515683,0],"t":0.6333333645015955,"state":"Running"},{"cf":[-142.04052734375,782.8939208984375,94.40904235839844,0.003902733325958252,0,-0.9999923706054688,0,1,0,0.9999923706054688,0,0.003902733325958252],"platformStand":false,"vel":[0,0.0016646473668515683,0],"t":0.6500000320374966,"state":"Running"},{"cf":[-142.04052734375,782.8939208984375,94.40904235839844,0.003902733325958252,0,-0.9999923706054688,0,1,0,0.9999923706054688,0,0.003902733325958252],"platformStand":false,"vel":[0,0.0016646473668515683,0],"t":0.6708333659917116,"state":"Running"},{"cf":[-142.04052734375,782.8939208984375,94.40904235839844,0.003902733325958252,0,-0.9999923706054688,0,1,0,0.9999923706054688,0,0.003902733325958252],"platformStand":false,"vel":[0,0.0016646473668515683,0],"t":0.6875000335276127,"state":"Running"},{"cf":[-142.04052734375,782.8939208984375,94.40904235839844,0.003902733325958252,0,-0.9999923706054688,0,1,0,0.9999923706054688,0,0.003902733325958252],"platformStand":false,"vel":[0,0.0016646473668515683,0],"t":0.7041667010635138,"state":"Running"},{"cf":[-142.04052734375,782.8939208984375,94.40904235839844,0.003902733325958252,0,-0.9999923706054688,0,1,0,0.9999923706054688,0,0.003902733325958252],"platformStand":false,"vel":[0,0.0016646473668515683,0],"t":0.7250000350177288,"state":"Running"},{"cf":[-142.04052734375,782.8939208984375,94.40904235839844,0.003902733325958252,0,-0.9999923706054688,0,1,0,0.9999923706054688,0,0.003902733325958252],"platformStand":false,"vel":[0,0.0016646473668515683,0],"t":0.7416667025536299,"state":"Running"},{"cf":[-142.04052734375,782.8939208984375,94.40904235839844,0.003902733325958252,0,-0.9999923706054688,0,1,0,0.9999923706054688,0,0.003902733325958252],"platformStand":false,"vel":[0,0.0016646473668515683,0],"t":0.758333370089531,"state":"Running"},{"cf":[-142.04052734375,782.8939208984375,94.40904235839844,0.003902733325958252,0,-0.9999923706054688,0,1,0,0.9999923706054688,0,0.003902733325958252],"platformStand":false,"vel":[0,0.0016646473668515683,0],"t":0.775000037625432,"state":"Running"},{"cf":[-142.04052734375,782.8939208984375,94.40904235839844,0.003902733325958252,0,-0.9999923706054688,0,1,0,0.9999923706054688,0,0.003902733325958252],"platformStand":false,"vel":[0,0.0016646473668515683,0],"t":0.7916667051613331,"state":"Running"},{"cf":[-142.04052734375,782.8939208984375,94.40904235839844,0.003902733325958252,0,-0.9999923706054688,0,1,0,0.9999923706054688,0,0.003902733325958252],"platformStand":false,"vel":[0,0.0016646473668515683,0],"t":0.8083333726972342,"state":"Running"},{"cf":[-142.04052734375,782.8939208984375,94.40904235839844,0.003902733325958252,0,-0.9999923706054688,0,1,0,0.9999923706054688,0,0.003902733325958252],"platformStand":false,"vel":[0,0.0016646473668515683,0],"t":0.8291667066514492,"state":"Running"},{"cf":[-142.04052734375,782.8939208984375,94.40904235839844,0.003902733325958252,0,-0.9999923706054688,0,1,0,0.9999923706054688,0,0.003902733325958252],"platformStand":false,"vel":[0,0.0016646473668515683,0],"t":0.8458333741873503,"state":"Running"},{"cf":[-142.04052734375,782.8939208984375,94.40904235839844,0.003902733325958252,0,-0.9999923706054688,0,1,0,0.9999923706054688,0,0.003902733325958252],"platformStand":false,"vel":[0,0.0016646473668515683,0],"t":0.8666667081415653,"state":"Running"},{"cf":[-142.04052734375,782.8939208984375,94.40904235839844,0.003902733325958252,0,-0.9999923706054688,0,1,0,0.9999923706054688,0,0.003902733325958252],"platformStand":false,"vel":[0,0.0016646473668515683,0],"t":0.8833333756774664,"state":"Running"},{"cf":[-142.04052734375,782.8939208984375,94.40904235839844,0.003902733325958252,0,-0.9999923706054688,0,1,0,0.9999923706054688,0,0.003902733325958252],"platformStand":false,"vel":[0,0.0016646473668515683,0],"t":0.9000000432133675,"state":"Running"},{"cf":[-142.04052734375,782.8939208984375,94.40904235839844,0.003902733325958252,0,-0.9999923706054688,0,1,0,0.9999923706054688,0,0.003902733325958252],"platformStand":false,"vel":[0,0.0016646473668515683,0],"t":0.9208333771675825,"state":"Running"},{"cf":[-142.04052734375,782.8939208984375,94.40904235839844,0.003902733325958252,0,-0.9999923706054688,0,1,0,0.9999923706054688,0,0.003902733325958252],"platformStand":false,"vel":[0,0.0016646473668515683,0],"t":0.9375000447034836,"state":"Running"},{"cf":[-142.04052734375,782.8939208984375,94.40904235839844,0.003902733325958252,0,-0.9999923706054688,0,1,0,0.9999923706054688,0,0.003902733325958252],"platformStand":false,"vel":[0,0.0016646473668515683,0],"t":0.9583333786576986,"state":"Running"},{"cf":[-142.04052734375,782.8939208984375,94.40904235839844,0.003902733325958252,0,-0.9999923706054688,0,1,0,0.9999923706054688,0,0.003902733325958252],"platformStand":false,"vel":[0,0.0016646473668515683,0],"t":0.9750000461935997,"state":"Running"},{"cf":[-142.04052734375,782.8939208984375,94.40904235839844,0.003902733325958252,0,-0.9999923706054688,0,1,0,0.9999923706054688,0,0.003902733325958252],"platformStand":false,"vel":[0,0.0016646473668515683,0],"t":0.9958333801478148,"state":"Running"},{"cf":[-142.04052734375,782.8939208984375,94.40904235839844,0.003902733325958252,0,-0.9999923706054688,0,1,0,0.9999923706054688,0,0.003902733325958252],"platformStand":false,"vel":[0,0.0016646473668515683,0],"t":1.0125000476837159,"state":"Running"},{"cf":[-142.04052734375,782.8939208984375,94.40904235839844,0.003902733325958252,0,-0.9999923706054688,0,1,0,0.9999923706054688,0,0.003902733325958252],"platformStand":false,"vel":[0,0.0016646473668515683,0],"t":1.029166715219617,"state":"Running"},{"cf":[-142.04052734375,782.8939208984375,94.40904235839844,0.003902733325958252,0,-0.9999923706054688,0,1,0,0.9999923706054688,0,0.003902733325958252],"platformStand":false,"vel":[0,0.0016646473668515683,0],"t":1.050000049173832,"state":"Running"},{"cf":[-142.04052734375,782.8939208984375,94.40904235839844,0.003902733325958252,0,-0.9999923706054688,0,1,0,0.9999923706054688,0,0.003902733325958252],"platformStand":false,"vel":[0,0.0016646473668515683,0],"t":1.062500050291419,"state":"Running"},{"cf":[-142.04052734375,782.8939208984375,94.40904235839844,0.003902733325958252,0,-0.9999923706054688,0,1,0,0.9999923706054688,0,0.003902733325958252],"platformStand":false,"vel":[0,0.0016646473668515683,0],"t":1.083333384245634,"state":"Running"},{"cf":[-142.04052734375,782.8939208984375,94.40904235839844,0.003902733325958252,0,-0.9999923706054688,0,1,0,0.9999923706054688,0,0.003902733325958252],"platformStand":false,"vel":[0,0.0016646473668515683,0],"t":1.1000000517815352,"state":"Running"},{"cf":[-142.04052734375,782.8939208984375,94.40904235839844,0.003902733325958252,0,-0.9999923706054688,0,1,0,0.9999923706054688,0,0.003902733325958252],"platformStand":false,"vel":[0,0.0016646473668515683,0],"t":1.1166667193174363,"state":"Running"},{"cf":[-142.04052734375,782.8939208984375,94.40904235839844,0.003902733325958252,0,-0.9999923706054688,0,1,0,0.9999923706054688,0,0.003902733325958252],"platformStand":false,"vel":[0,0.0016646473668515683,0],"t":1.1416667215526105,"state":"Running"},{"cf":[-142.04052734375,782.8939208984375,94.40904235839844,0.003902733325958252,0,-0.9999923706054688,0,1,0,0.9999923706054688,0,0.003902733325958252],"platformStand":false,"vel":[0,0.0016646473668515683,0],"t":1.1625000555068255,"state":"Running"},{"cf":[-142.04052734375,782.8939208984375,94.40904235839844,0.003902733325958252,0,-0.9999923706054688,0,1,0,0.9999923706054688,0,0.003902733325958252],"platformStand":false,"vel":[0,0.0016646473668515683,0],"t":1.1791667230427266,"state":"Running"},{"cf":[-142.04052734375,782.8939208984375,94.40904235839844,0.003902733325958252,0,-0.9999923706054688,0,1,0,0.9999923706054688,0,0.003902733325958252],"platformStand":false,"vel":[0,0.0016646473668515683,0],"t":1.1958333905786276,"state":"Running"},{"cf":[-142.04052734375,782.8939208984375,94.40904235839844,0.003902733325958252,0,-0.9999923706054688,0,1,0,0.9999923706054688,0,0.003902733325958252],"platformStand":false,"vel":[0,0.0016646473668515683,0],"t":1.2125000581145287,"state":"Running"},{"cf":[-142.04052734375,782.8939208984375,94.40904235839844,0.003902733325958252,0,-0.9999923706054688,0,1,0,0.9999923706054688,0,0.003902733325958252],"platformStand":false,"vel":[0,0.0016646473668515683,0],"t":1.2333333920687438,"state":"Running"},{"cf":[-142.04052734375,782.8939208984375,94.40904235839844,0.003902733325958252,0,-0.9999923706054688,0,1,0,0.9999923706054688,0,0.003902733325958252],"platformStand":false,"vel":[0,0.0016646473668515683,0],"t":1.2500000596046448,"state":"Running"},{"cf":[-142.04052734375,782.8939208984375,94.40904235839844,0.003902733325958252,0,-0.9999923706054688,0,1,0,0.9999923706054688,0,0.003902733325958252],"platformStand":false,"vel":[0,0.0016646473668515683,0],"t":1.2666667271405459,"state":"Running"},{"cf":[-142.04052734375,782.8939208984375,94.40904235839844,0.003902733325958252,0,-0.9999923706054688,0,1,0,0.9999923706054688,0,0.003902733325958252],"platformStand":false,"vel":[0,0.0016646473668515683,0],"t":1.287500061094761,"state":"Running"},{"cf":[-141.8849639892578,782.89794921875,94.41536712646485,-0.0043660723604261879,1.1967220814312896e-7,-0.9999904632568359,5.613966180817442e-9,1,1.1964884549797717e-7,0.9999904632568359,-5.0915165417109169e-9,-0.0043660723604261879],"platformStand":false,"vel":[7.076563835144043,0.33359140157699587,0.28622421622276308],"t":1.308333395048976,"state":"Running"},{"cf":[-141.59605407714845,782.92333984375,94.39816284179688,0.00779781024903059,2.2135486688057427e-7,-0.9999696016311646,8.123942407678442e-9,1,2.2142495481602965e-7,0.9999696016311646,-9.850327664651104e-9,0.00779781024903059],"platformStand":false,"vel":[11.899365425109864,1.357666254043579,-0.7593829035758972],"t":1.337500063702464,"state":"Running"},{"cf":[-141.14907836914063,782.9829711914063,94.38188934326172,0.014947792515158654,1.3725846770284989e-7,-0.9998883008956909,5.585287787823745e-9,1,1.3735730419739412e-7,0.9998883008956909,-7.63785212853918e-9,0.014947792515158654],"platformStand":false,"vel":[15.509406089782715,2.530492067337036,-0.5479481816291809],"t":1.3625000659376383,"state":"Running"},{"cf":[-140.89053344726563,783.0325317382813,94.37267303466797,0.01801172085106373,1.180369579856233e-7,-0.9998377561569214,5.3781419317999738e-9,1,1.1815299671980029e-7,0.9998377561569214,-7.505407850771917e-9,0.01801172085106373],"platformStand":false,"vel":[15.512887954711914,3.156353712081909,-0.5541625022888184],"t":1.3791667334735394,"state":"Running"},{"cf":[-140.43798828125,783.1333618164063,94.35852813720703,0.021397747099399568,8.997598399673734e-8,-0.9997710585594177,4.6308805679018409e-9,1,9.009570334228556e-8,0.9997710585594177,-6.557665077622232e-9,0.021397747099399568],"platformStand":false,"vel":[15.515341758728028,3.5584068298339845,-0.4783218801021576],"t":1.4083334021270276,"state":"Running"},{"cf":[-140.1116180419922,783.2018432617188,94.34844207763672,0.02313593588769436,7.973059723553888e-8,-0.9997323155403137,4.427187061395443e-9,1,7.985439509639036e-8,0.9997323155403137,-6.273508379450732e-9,0.02313593588769436],"platformStand":false,"vel":[15.684488296508789,3.1788265705108644,-0.48522496223449709],"t":1.4291667360812426,"state":"Running"},{"cf":[-139.78236389160157,783.260009765625,94.33889770507813,0.02424551732838154,8.413484664515636e-8,-0.9997060298919678,4.908446982199166e-9,1,8.427863207316477e-8,0.9997060298919678,-6.950382935855259e-9,0.02424551732838154],"platformStand":false,"vel":[15.819801330566407,2.627150535583496,-0.45446038246154787],"t":1.4500000700354577,"state":"Running"},{"cf":[-139.38467407226563,783.3145141601563,94.32803344726563,0.02496017888188362,9.603536454960704e-8,-0.999688446521759,5.807110792233061e-9,1,9.621028596029646e-8,0.999688446521759,-8.206727741821851e-9,0.02496017888188362],"platformStand":false,"vel":[15.917337417602539,1.9590281248092652,-0.4325923025608063],"t":1.4750000722706319,"state":"Running"},{"cf":[-139.05203247070313,783.34619140625,94.31767272949219,0.02591792307794094,1.1001289124124014e-7,-0.9996640682220459,6.678144259808505e-9,1,1.1022300583363176e-7,0.9996640682220459,-9.53265200109854e-9,0.02591792307794094],"platformStand":false,"vel":[15.972574234008789,1.3091884851455689,-0.5055716037750244],"t":1.4958334062248469,"state":"Running"},{"cf":[-138.71890258789063,783.364501953125,94.3075942993164,0.026710132136940957,1.2998729914670549e-7,-0.9996432065963745,7.797653189811627e-9,1,1.302420429283302e-7,0.9996432065963745,-1.1273653122145788e-8,0.026710132136940957],"platformStand":false,"vel":[15.99261474609375,0.6482138633728027,-0.4813060760498047],"t":1.516666740179062,"state":"Running"},{"cf":[-138.38572692871095,783.373291015625,94.29779815673828,0.027216888964176179,6.482286352138544e-8,-0.999629557132721,3.821491567634894e-9,1,6.495093174407885e-8,0.999629557132721,-5.587838636245124e-9,0.027216888964176179],"platformStand":false,"vel":[15.993125915527344,0.30821529030799868,-0.46895113587379458],"t":1.537500074133277,"state":"Running"},{"cf":[-138.05259704589845,783.3775024414063,94.28649139404297,0.028239959850907327,3.681484894713094e-9,-0.9996011853218079,7.418243103129996e-11,1,3.6850495988005606e-9,0.9996011853218079,-1.7821849551680203e-10,0.028239959850907327],"platformStand":false,"vel":[15.990457534790039,0.1448618322610855,-0.5525263547897339],"t":1.558333408087492,"state":"Running"},{"cf":[-137.7860565185547,783.3790893554688,94.27763366699219,0.028965694829821588,-3.9827991571428359e-8,-0.9995803833007813,-2.6179374224000186e-9,1,-3.99205752898979e-8,0.9995803833007813,3.77316622390822e-9,0.028965694829821588],"platformStand":false,"vel":[15.991284370422364,0.07973694801330567,-0.5280071496963501],"t":1.575000075623393,"state":"Running"},{"cf":[-137.38633728027345,783.38037109375,94.26287841796875,0.03048492595553398,-9.51598906340223e-8,-0.9995352029800415,-6.089812654153093e-9,1,-9.538987200130578e-8,0.9995352029800415,8.99493546313579e-9,0.03048492595553398],"platformStand":false,"vel":[15.988862037658692,0.03174300491809845,-0.59687739610672],"t":1.6000000778585673,"state":"Running"},{"cf":[-137.05331420898438,783.3807983398438,94.24895477294922,0.03230452537536621,-1.2322006170961687e-7,-0.9994781017303467,-8.046099786440664e-9,1,-1.235444671010555e-7,0.9994781017303467,1.2032946195006389e-8,0.03230452537536621],"platformStand":false,"vel":[15.9856595993042,0.014328943565487862,-0.6772080063819885],"t":1.6208334118127823,"state":"Running"},{"cf":[-136.7202911376953,783.3809814453125,94.2351303100586,0.0339302234351635,-1.2937158544445993e-7,-0.9994242191314697,-9.034922143769109e-9,1,-1.2975284846561409e-7,0.9994242191314697,1.3432263301638159e-8,0.0339302234351635],"platformStand":false,"vel":[15.98627758026123,0.006092386785894632,-0.6625147461891174],"t":1.6416667457669974,"state":"Running"},{"cf":[-136.38739013671876,783.3809814453125,94.21851348876953,0.036431487649679187,-1.0721796428470043e-7,-0.9993361234664917,-8.723969102675256e-9,1,-1.0760722801705924e-7,0.9993361234664917,1.2638469826242727e-8,0.036431487649679187],"platformStand":false,"vel":[15.979253768920899,0.005045004189014435,-0.8144481778144836],"t":1.6625000797212124,"state":"Running"},{"cf":[-136.054443359375,783.3809814453125,94.20179748535156,0.03882661834359169,-4.041644530161648e-8,-0.9992459416389465,-6.711995848007746e-9,1,-4.0707746506996048e-8,0.9992459416389465,8.287479147384147e-9,0.03882661834359169],"platformStand":false,"vel":[15.979942321777344,0.004996160045266151,-0.800886869430542],"t":1.6833334136754275,"state":"Running"},{"cf":[-135.72149658203126,783.3809814453125,94.18510437011719,0.040809329599142078,5.955723381134703e-8,-0.9991669654846191,-3.630230338558249e-9,1,5.945862113776457e-8,0.9991669654846191,1.200739840889753e-9,0.040809329599142078],"platformStand":false,"vel":[15.979947090148926,0.0049939267337322239,-0.8007893562316895],"t":1.7041667476296425,"state":"Running"},{"cf":[-135.3886260986328,783.3809814453125,94.16705322265625,0.043016985058784488,1.0884297552138378e-7,-0.9990743398666382,5.422644555608258e-10,1,1.0896717128616729e-7,0.9990743398666382,-5.22920151624362e-9,0.043016985058784488],"platformStand":false,"vel":[15.97606086730957,0.004993840120732784,-0.8748687505722046],"t":1.7250000815838576,"state":"Running"},{"cf":[-135.05575561523438,783.3809814453125,94.14893341064453,0.04500921443104744,9.450666027532861e-8,-0.998986542224884,3.524155856027278e-9,1,9.476131168639768e-8,0.998986542224884,-7.785716960029277e-9,0.04500921443104744],"platformStand":false,"vel":[15.976351737976075,0.004993814509361982,-0.8695622682571411],"t":1.7458334155380726,"state":"Running"},{"cf":[-134.72288513183595,783.3809814453125,94.1308364868164,0.04665856808423996,8.434510334609513e-8,-0.9989109039306641,6.9514634049028249e-9,1,8.476176560634485e-8,0.9989109039306641,-1.0898754787547205e-8,0.04665856808423996],"platformStand":false,"vel":[15.976353645324707,0.004993804730474949,-0.8695255517959595],"t":1.7666667494922877,"state":"Running"},{"cf":[-134.3900146484375,783.3809814453125,94.11272430419922,0.04801744595170021,8.986931732124504e-8,-0.9988464713096619,1.1079269057745478e-8,1,9.050571492252857e-8,0.9988464713096619,-1.5412341625165028e-8,0.04801744595170021],"platformStand":false,"vel":[15.976353645324707,0.004993798211216927,-0.8695289492607117],"t":1.7875000834465027,"state":"Running"},{"cf":[-134.05714416503907,783.3809814453125,94.09456634521485,0.04915070906281471,1.0611704226448637e-7,-0.9987913966178894,1.5660733154732044e-8,1,1.0701612040975306e-7,0.9987913966178894,-2.0901724795407973e-8,0.04915070906281471],"platformStand":false,"vel":[15.976251602172852,0.0049937935546040539,-0.8714011311531067],"t":1.8083334174007178,"state":"Running"},{"cf":[-133.52658081054688,783.3809814453125,94.04096984863281,0.06160495802760124,1.4022612049302553e-7,-0.9981006383895874,6.451384315653286e-9,1,1.4089117428284227e-7,0.9981006383895874,-1.511872582682372e-8,0.06160495802760124],"platformStand":false,"vel":[15.912954330444336,0.004993767477571964,-1.6665468215942383],"t":1.8416667524725199,"state":"Running"},{"cf":[-133.2786102294922,783.3809814453125,93.94874572753906,0.09669199585914612,0.000002035437091763015,-0.995314359664917,5.200136854455195e-8,1,0.0000020500710888882169,0.995314359664917,-2.499831737168279e-7,0.09669199585914612],"platformStand":false,"vel":[14.647056579589844,0.004992205649614334,-6.389904022216797],"t":1.858333420008421,"state":"Running"},{"cf":[-132.93502807617188,783.3809814453125,93.74468231201172,0.18052101135253907,0.000008517193236912135,-0.9835711121559143,-3.0729840005960798e-8,1,0.000008653818440507166,0.9835711121559143,-0.0000015319710655603558,0.18052101135253907],"platformStand":false,"vel":[13.646499633789063,0.004994158633053303,-8.351174354553223],"t":1.8833334222435952,"state":"Running"},{"cf":[-132.6835174560547,783.3809814453125,93.52685546875,0.2659578323364258,0.000012759079254465178,-0.9639846682548523,-2.1462606980549027e-7,1,0.000013176555512472988,0.9639846682548523,-0.000003297511966593447,0.2659578323364258],"platformStand":false,"vel":[11.873534202575684,0.004993761423975229,-10.720705032348633],"t":1.9041667561978102,"state":"Running"},{"cf":[-132.39439392089845,783.3809814453125,93.25054168701172,0.36230042576789858,0.000012632016478164588,-0.9320613741874695,-2.449592102493625e-7,1,0.000013457555724016857,0.9320613741874695,-0.0000046473610382236078,0.36230042576789858],"platformStand":false,"vel":[11.532377243041993,0.004994433838874102,-11.089006423950196],"t":1.9291667584329844,"state":"Running"},{"cf":[-132.11781311035157,783.3809814453125,92.961669921875,0.44527044892311098,0.000009462008165428415,-0.8953961133956909,-7.267559709589477e-8,1,0.000010531258340051864,0.8953961133956909,-0.000004624184839485679,0.44527044892311098],"platformStand":false,"vel":[11.012234687805176,0.004993680398911238,-11.605958938598633],"t":1.9541667606681586,"state":"Running"},{"cf":[-131.886474609375,783.3809814453125,92.72174072265625,0.49926865100860598,0.000006451318313338561,-0.8664472103118897,2.480962635331707e-8,1,0.00000746001023799181,0.8664472103118897,-0.000003746045422303723,0.49926865100860598],"platformStand":false,"vel":[11.11545181274414,0.004993954207748175,-11.507326126098633],"t":1.9750000946223736,"state":"Running"},{"cf":[-131.6051483154297,783.3809814453125,92.43742370605469,0.5477814078330994,0.0000034143106404371794,-0.8366215229034424,7.473955321302128e-8,1,0.000004130005436309148,0.8366215229034424,-0.0000023248685465659948,0.5477814078330994],"platformStand":false,"vel":[11.267326354980469,0.004993409384042025,-11.35929012298584],"t":2.0000000968575479,"state":"Running"},{"cf":[-131.4166717529297,783.3809814453125,92.2488021850586,0.5726636648178101,0.000002316059180884622,-0.8197904229164124,6.820737041834946e-8,1,0.000002872830464184517,0.8197904229164124,-0.0000017010812598527992,0.5726636648178101],"platformStand":false,"vel":[11.3150634765625,0.004993726033717394,-11.311742782592774],"t":2.016666764393449,"state":"Running"},{"cf":[-131.17987060546876,783.3809814453125,92.01420593261719,0.5971862077713013,0.0000013706004438063247,-0.8021026253700256,4.729931291080902e-8,1,0.0000017439749626646517,0.8021026253700256,-0.000001079416620086704,0.5971862077713013],"platformStand":false,"vel":[11.37242603302002,0.0049936361610889439,-11.254374504089356],"t":2.037500098347664,"state":"Running"},{"cf":[-130.99029541015626,783.3809814453125,91.82664489746094,0.6131436228752136,9.557245448377217e-7,-0.7899714708328247,3.620337452048261e-8,1,0.0000012379211966617732,0.7899714708328247,-7.876230938563822e-7,0.6131436228752136],"platformStand":false,"vel":[11.372960090637207,0.004993692506104708,-11.253901481628418],"t":2.054166765883565,"state":"Running"},{"cf":[-130.7525177001953,783.3809814453125,91.59304809570313,0.6292418837547302,6.087067276894231e-7,-0.7772095203399658,2.518477870694369e-8,1,8.03585180619848e-7,0.7772095203399658,-5.252232995189843e-7,0.6292418837547302],"platformStand":false,"vel":[11.41867446899414,0.0049937209114432339,-11.207618713378907],"t":2.07500009983778,"state":"Running"},{"cf":[-130.5614776611328,783.3809814453125,91.40699005126953,0.6394723653793335,4.204425749776419e-7,-0.7688140869140625,1.867084975515354e-8,1,5.624013397209637e-7,0.7688140869140625,-3.739945100278419e-7,0.6394723653793335],"platformStand":false,"vel":[11.468451499938965,0.004993739537894726,-11.156682968139649],"t":2.091666767373681,"state":"Running"},{"cf":[-130.3703155517578,783.3809814453125,91.22106170654297,0.6479167342185974,2.8167028176540045e-7,-0.7617111802101135,1.3373299800889527e-8,1,3.811616124949069e-7,0.7617111802101135,-2.5714757612149699e-7,0.6479167342185974],"platformStand":false,"vel":[11.469341278076172,0.004993717186152935,-11.155830383300782],"t":2.108333434909582,"state":"Running"},{"cf":[-130.1784210205078,783.3809814453125,91.035888671875,0.6547464728355408,1.8880712104873965e-7,-0.7558485865592957,9.467253647699181e-9,1,2.579958220394474e-7,0.7558485865592957,-1.7607764846161445e-7,0.6547464728355408],"platformStand":false,"vel":[11.51939582824707,0.004993712063878775,-11.104147911071778],"t":2.125000102445483,"state":"Running"},{"cf":[-129.9384002685547,783.3809814453125,90.8045654296875,0.6617691516876221,1.1761373741592252e-7,-0.7497076988220215,6.154987186590688e-9,1,1.6231248878284533e-7,0.7497076988220215,-1.1202783412045392e-7,0.6617691516876221],"platformStand":false,"vel":[11.520288467407227,0.004993749316781759,-11.103251457214356],"t":2.1458334363996984,"state":"Running"},{"cf":[-129.6983642578125,783.3809814453125,90.57325744628906,0.6675471067428589,9.863753547278975e-8,-0.7445675730705261,5.353245846606569e-9,1,1.3727576231303829e-7,0.7445675730705261,-9.562389635675572e-8,0.6675471067428589],"platformStand":false,"vel":[11.520293235778809,0.004993801470845938,-11.103256225585938],"t":2.1666667703539135,"state":"Running"},{"cf":[-129.5063934326172,783.3809814453125,90.3882064819336,0.6713747382164002,9.378796761438935e-8,-0.7411180138587952,5.134368041836979e-9,1,1.31200494024597e-7,0.7411180138587952,-9.188987348807132e-8,0.6713747382164002],"platformStand":false,"vel":[11.520318031311036,0.004993789829313755,-11.103230476379395],"t":2.1833334378898145,"state":"Running"},{"cf":[-129.3144073486328,783.3809814453125,90.2031478881836,0.6746082901954651,9.083468910375814e-8,-0.7381758689880371,5.075207809568383e-9,1,1.27691066609259e-7,0.7381758689880371,-8.988784827579366e-8,0.6746082901954651],"platformStand":false,"vel":[11.520297050476075,0.004993806593120098,-11.103259086608887],"t":2.2000001054257156,"state":"Running"},{"cf":[-129.17041015625,783.3809814453125,90.0643539428711,0.676703691482544,8.312621702089018e-8,-0.7362554669380188,4.682800813782251e-9,1,1.1720807435722236e-7,0.7362554669380188,-8.27628738875319e-8,0.676703691482544],"platformStand":false,"vel":[11.520317077636719,0.0049938056617975239,-11.103240013122559],"t":2.2125001065433027,"state":"Running"},{"cf":[-128.97840881347657,783.3809814453125,89.8792953491211,0.6791418790817261,8.179763710813859e-8,-0.7340070605278015,4.712200407652745e-9,1,1.1579982839293734e-7,0.7340070605278015,-8.210329838220787e-8,0.6791418790817261],"platformStand":false,"vel":[11.520273208618164,0.004993806127458811,-11.103292465209961],"t":2.2291667740792038,"state":"Running"},{"cf":[-128.7864227294922,783.3809814453125,89.69424438476563,0.6812463998794556,7.532366907980759e-8,-0.7320542335510254,4.409009601857861e-9,1,1.069965733790923e-7,0.7320542335510254,-7.611865981971278e-8,0.6812463998794556],"platformStand":false,"vel":[11.520272254943848,0.00499381497502327,-11.103292465209961],"t":2.2458334416151048,"state":"Running"},{"cf":[-128.54547119140626,783.3809814453125,89.46390533447266,0.6830715537071228,7.743774688151461e-8,-0.730351448059082,4.76786610192903e-9,1,1.1048727088791566e-7,0.730351448059082,-7.895292952753153e-8,0.6830715537071228],"platformStand":false,"vel":[11.570676803588868,0.004993792623281479,-11.050760269165039],"t":2.2666667755693199,"state":"Running"},{"cf":[-128.40081787109376,783.3809814453125,89.32575988769531,0.6839150786399841,7.796414536187513e-8,-0.7295616269111633,4.893105920444896e-9,1,1.114513281663676e-7,0.7295616269111633,-7.979306104743955e-8,0.6839150786399841],"platformStand":false,"vel":[11.571030616760254,0.0049938298761844639,-11.050390243530274],"t":2.279166776686907,"state":"Running"},{"cf":[-128.15866088867188,783.3809814453125,89.0967025756836,0.6846144199371338,4.594336644458963e-8,-0.7289053797721863,3.0726878819109517e-9,1,6.591660905996832e-8,0.7289053797721863,-4.7367159083933078e-8,0.6846144199371338],"platformStand":false,"vel":[11.6298828125,0.004993826150894165,-10.988436698913575],"t":2.300000110641122,"state":"Running"},{"cf":[-127.96481323242188,783.3809814453125,88.91356658935547,0.684942901134491,2.2294733170724613e-8,-0.7285967469215393,1.8023709191794524e-9,1,3.229393286119375e-8,0.7285967469215393,-2.343270111282436e-8,0.684942901134491],"platformStand":false,"vel":[11.630281448364258,0.00499382521957159,-10.988018989562989],"t":2.316666778177023,"state":"Running"},{"cf":[-127.7225112915039,783.3809814453125,88.68464660644531,0.6852640509605408,-6.176689382186851e-9,-0.7282947301864624,3.1913982567743917e-10,1,-8.180745858510364e-9,0.7282947301864624,5.373543388031976e-9,0.6852640509605408],"platformStand":false,"vel":[11.630276679992676,0.004993824753910303,-10.98802375793457],"t":2.337500112131238,"state":"Running"},{"cf":[-127.5286636352539,783.3809814453125,88.50150299072266,0.6854769587516785,-2.835654377975061e-8,-0.7280943393707275,-8.094330761210244e-10,1,-3.9708304200303249e-8,0.7280943393707275,2.7808470193235736e-8,0.6854769587516785],"platformStand":false,"vel":[11.630278587341309,0.004993824288249016,-10.988022804260254],"t":2.354166779667139,"state":"Running"},{"cf":[-127.3832778930664,783.3809814453125,88.36415100097656,0.6856139302253723,-4.474160775203018e-8,-0.7279653549194336,-1.6313215223107136e-9,1,-6.299759292005547e-8,0.7279653549194336,4.437957201730569e-8,0.6856139302253723],"platformStand":false,"vel":[11.630278587341309,0.0049938238225877289,-10.988022804260254],"t":2.366666780784726,"state":"Running"},{"cf":[-127.1894302368164,783.3809814453125,88.18101501464844,0.6857733726501465,-6.634144256167929e-8,-0.7278151512145996,-2.7027338145302339e-9,1,-9.369811238002512e-8,0.7278151512145996,6.622276060852528e-8,0.6857733726501465],"platformStand":false,"vel":[11.63027572631836,0.0049938238225877289,-10.988025665283204],"t":2.383333448320627,"state":"Running"},{"cf":[-126.94712829589844,783.3809814453125,87.95209503173828,0.6859443187713623,-8.015788210968822e-8,-0.7276540398597717,-3.4453344621709904e-9,1,-1.1340717520624821e-7,0.7276540398597717,8.029801534803483e-8,0.6859443187713623],"platformStand":false,"vel":[11.630276679992676,0.00499377679079771,-10.988028526306153],"t":2.4041667822748424,"state":"Running"},{"cf":[-126.75328063964844,783.3809814453125,87.76895141601563,0.6860594749450684,-4.984335078006552e-8,-0.727545440196991,-2.2246691155913824e-9,1,-7.060673112846416e-8,0.727545440196991,5.005896497323192e-8,0.6860594749450684],"platformStand":false,"vel":[11.63027572631836,0.00499377679079771,-10.988025665283204],"t":2.4208334498107435,"state":"Running"},{"cf":[-126.46250915527344,783.3809814453125,87.49424743652344,0.6862040162086487,-4.23541823835194e-9,-0.7274091243743897,-4.076316784118461e-10,1,-6.207149017001257e-9,0.7274091243743897,4.555885446677621e-9,0.6862040162086487],"platformStand":false,"vel":[11.630273818969727,0.00499377679079771,-10.988027572631836],"t":2.4458334520459177,"state":"Running"},{"cf":[-126.26866149902344,783.3809814453125,87.31111145019531,0.6862832307815552,2.6227789717836459e-8,-0.7273344397544861,7.959172210192378e-10,1,3.681114790765605e-8,0.7273344397544861,-2.584177138942323e-8,0.6862832307815552],"platformStand":false,"vel":[11.63027572631836,0.00499377679079771,-10.988025665283204],"t":2.4625001195818188,"state":"Running"},{"cf":[-126.02635192871094,783.3809814453125,87.08219146728516,0.6863654851913452,6.433565857832946e-8,-0.7272567749023438,2.2931512244639409e-9,1,9.062768668854915e-8,0.7272567749023438,-6.38714254819206e-8,0.6863654851913452],"platformStand":false,"vel":[11.630273818969727,0.00499377679079771,-10.988027572631836],"t":2.4833334535360338,"state":"Running"},{"cf":[-125.83250427246094,783.3809814453125,86.89905548095703,0.6864206194877625,6.913627004223599e-8,-0.7272047400474548,2.534729759418042e-9,1,9.746383966557915e-8,0.7272047400474548,-6.87444554614558e-8,0.6864206194877625],"platformStand":false,"vel":[11.630273818969727,0.004993822891265154,-10.98802661895752],"t":2.5000001210719349,"state":"Running"},{"cf":[-125.63810729980469,783.3809814453125,86.71651458740235,0.6862267851829529,4.839510836518457e-8,-0.7273876667022705,1.8594665807114553e-9,1,6.828700094274609e-8,0.7273876667022705,-4.821292520773568e-8,0.6862267851829529],"platformStand":false,"vel":[11.668954849243164,0.004993822891265154,-10.946935653686524],"t":2.5166667886078359,"state":"Running"},{"cf":[-125.44361877441406,783.3809814453125,86.53408813476563,0.6859530806541443,2.825593270472382e-8,-0.7276458144187927,1.2106105007347879e-9,1,3.997323361204508e-8,0.7276458144187927,-2.83006560408694e-8,0.6859530806541443],"platformStand":false,"vel":[11.66968059539795,0.004993821959942579,-10.946165084838868],"t":2.533333456143737,"state":"Running"},{"cf":[-125.2484130859375,783.3809814453125,86.35240173339844,0.685394823551178,9.728177374768166e-9,-0.7281716465950012,6.459150436732841e-10,1,1.3967702550132799e-8,0.7281716465950012,-1.0043727627362387e-8,0.685394823551178],"platformStand":false,"vel":[11.718523979187012,0.004993819165974855,-10.893854141235352],"t":2.550000123679638,"state":"Running"},{"cf":[-125.05309295654297,783.3809814453125,86.17086029052735,0.6847760081291199,-5.385204726593429e-9,-0.7287535667419434,2.5592980512634258e-10,1,-7.1491244035826188e-9,0.7287535667419434,4.709038936567822e-9,0.6847760081291199],"platformStand":false,"vel":[11.719441413879395,0.004993816372007132,-10.892873764038086],"t":2.566666791215539,"state":"Running"},{"cf":[-124.71128845214844,783.3809814453125,85.85316467285156,0.6838220357894898,-2.4504300810690439e-8,-0.7296488285064697,-4.00952153423173e-11,1,-3.3621269324157768e-8,0.7296488285064697,2.3020220396574588e-8,0.6838220357894898],"platformStand":false,"vel":[11.719459533691407,0.0049938117153942589,-10.892853736877442],"t":2.595833459869027,"state":"Running"},{"cf":[-124.3694839477539,783.3809814453125,85.53546142578125,0.6830748915672302,-3.687763339144112e-8,-0.7303483486175537,3.335005188676021e-11,1,-5.046201678737816e-8,0.7303483486175537,3.444498020144238e-8,0.6830